% F    256  0.619840000000000E+01  0.619840000000000E+01  0.619840000000000E+01
  -0.652565588885931E-01 -0.717637193901584E-01 -0.743694546465063E-01
   0.790575706027867E+00  0.739502371283781E+00 -0.788387193553311E-01
   0.513525470042100E-01  0.799541872892059E+00  0.715216964638604E+00
   0.771556963426862E+00  0.829630647334819E-01  0.816250798382072E+00
   0.151022648352300E+01 -0.684659233037880E-01 -0.942367937796930E-01
   0.224988702846172E+01  0.849944838633442E+00  0.507765636449762E-01
   0.161717413499398E+01  0.707662591961648E+00  0.780770804567870E+00
   0.233047738188208E+01 -0.415895425493714E-01  0.786009787702676E+00
   0.304375124521771E+01  0.227471613694536E-01 -0.153480141189305E-01
   0.396853312706594E+01  0.781040474479143E+00  0.194175102811176E-02
   0.301194968530656E+01  0.814099275878658E+00  0.834983361256240E+00
   0.390600233959340E+01 -0.224788746439365E-01  0.741202035403044E+00
   0.468329630444658E+01 -0.399093450573217E-01  0.847443021633490E-01
   0.537851832481764E+01  0.862686932552517E+00 -0.519623175613143E-01
   0.464157367536335E+01  0.766374290414083E+00  0.806313132512291E+00
   0.544408761890756E+01  0.788678114995439E-01  0.827318569529391E+00
   0.255668508070216E-01  0.156408015736933E+01  0.110889889001056E-01
   0.847885062829009E+00  0.231621206947005E+01  0.548448101232081E-01
   0.456241844150209E-01  0.225478131546074E+01  0.694671207770627E+00
   0.724794951408766E+00  0.146740157122797E+01  0.690060183853793E+00
   0.156950246257121E+01  0.161103003911837E+01 -0.607068251462481E-01
   0.240689758631412E+01  0.233271304919233E+01  0.798176095517617E-01
   0.147244120648775E+01  0.227362996020388E+01  0.842189516579354E+00
   0.233265055053016E+01  0.162598136707543E+01  0.716525637047585E+00
   0.317007614933858E+01  0.159904874652972E+01  0.356163792918950E-01
   0.389537956960489E+01  0.226490042049309E+01  0.106866855099574E-01
   0.303674552154697E+01  0.237639487062282E+01  0.844923152616758E+00
   0.387733955971126E+01  0.150590301235050E+01  0.874092557582629E+00
   0.473688079954276E+01  0.145312798645573E+01  0.973128385890893E-01
   0.542113537120111E+01  0.222738555954895E+01  0.735369942822472E-01
   0.470168700164228E+01  0.237648591845107E+01  0.750115306808289E+00
   0.546809228576793E+01  0.149241131768794E+01  0.795681042273089E+00
   0.160345675452265E-01  0.307889872549973E+01  0.802902834366308E-02
   0.826465887750932E+00  0.396399570417259E+01 -0.620759210195133E-01
   0.189185619784904E-01  0.393140236861317E+01  0.848845254294399E+00
   0.778730923719766E+00  0.311098052566184E+01  0.682759002999744E+00
   0.160320245848960E+01  0.315342616994592E+01  0.257841999927066E-01
   0.239529432812904E+01  0.396808862736107E+01  0.224235874575016E-01
   0.162834590018373E+01  0.390371999059657E+01  0.805408707637961E+00
   0.223061134084067E+01  0.311639695766616E+01  0.769704756926890E+00
   0.310925629385309E+01  0.319361617291030E+01  0.666185843972655E-01
   0.386615708361551E+01  0.391884159805121E+01  0.137675952950021E-01
   0.303908481772533E+01  0.380222296624377E+01  0.691050374444409E+00
   0.383742915874314E+01  0.311981040368797E+01  0.783497858349664E+00
   0.468474583411877E+01  0.309904971284753E+01 -0.863124492489021E-01
   0.550419866894093E+01  0.385295931160270E+01 -0.988879519863968E-01
   0.464320688028150E+01  0.378008978801093E+01  0.788905474262294E+00
   0.541442838950832E+01  0.317985470306554E+01  0.862102857902006E+00
  -0.563237842818799E-01  0.458222088537965E+01  0.929847568204678E-02
   0.839643733798216E+00  0.533081577133748E+01 -0.505275574652891E-01
  -0.482105692705906E-01  0.550972489078473E+01  0.826827259406758E+00
   0.717637520901142E+00  0.461405223267624E+01  0.826078106445027E+00
   0.156211230233684E+01  0.463524278287368E+01 -0.559750892129342E-01
   0.227499696423611E+01  0.546328181106355E+01 -0.525963936568668E-01
   0.155456912704030E+01  0.543167187769289E+01  0.866091242190496E+00
   0.227463034292419E+01  0.456644268227279E+01  0.683827772380451E+00
   0.315813815403629E+01  0.460067932853436E+01 -0.448359455247046E-01
   0.381286542190248E+01  0.534679453722909E+01  0.922370751463362E-01
   0.319161396319788E+01  0.533729952135770E+01  0.683575339976318E+00
   0.385549864043929E+01  0.468066611866365E+01  0.822824173115799E+00
   0.474581981065153E+01  0.470419162237227E+01 -0.638064734093842E-02
   0.548645758596874E+01  0.541294013692333E+01  0.788354655074504E-01
   0.455983067898561E+01  0.551304777530702E+01  0.756319569429351E+00
   0.550163605124832E+01  0.463127303923235E+01  0.724596005404610E+00
  -0.949244068027527E-01  0.772363733547081E-01  0.155747062785825E+01
   0.736492241468219E+00  0.732245566291985E+00  0.155963545704713E+01
  -0.497321109454356E-01  0.783678637309521E+00  0.236725067431430E+01
   0.844475126745011E+00  0.193560986113568E-01  0.234205754221223E+01
   0.151889367634159E+01 -0.881882284766677E-01  0.148085708694124E+01
   0.227426968954817E+01  0.792256680123646E+00  0.148861305571005E+01
   0.159842550351866E+01  0.790145675719596E+00  0.241984346454423E+01
   0.230250648974790E+01 -0.969100010166367E-01  0.231329002525327E+01
   0.314969396204044E+01  0.205469720954899E-01  0.148728694282473E+01
   0.381409685639302E+01  0.774832539776269E+00  0.146612556064442E+01
   0.311856619188700E+01  0.867547790701129E+00  0.225350027184216E+01
   0.385809661876718E+01  0.691524735126965E-01  0.232055687373116E+01
   0.455924210886783E+01  0.468376589310441E-01  0.160276299499257E+01
   0.545366629245116E+01  0.720305544029047E+00  0.157467850428594E+01
   0.455572600807671E+01  0.778972306891861E+00  0.233420933248471E+01
   0.550234288261143E+01 -0.788887111499617E-02  0.235404779010547E+01
  -0.516016498050981E-01  0.155301678336326E+01  0.158573080974605E+01
   0.780282084806830E+00  0.233383322737249E+01  0.155285835518227E+01
   0.815558042459919E-01  0.234345524505072E+01  0.224590373986527E+01
   0.714994551264839E+00  0.150840768251648E+01  0.236657758162864E+01
   0.151928024106877E+01  0.158067951673546E+01  0.161628042662680E+01
   0.239796785093194E+01  0.224137242331035E+01  0.161956191353522E+01
   0.148021042719163E+01  0.228852518880472E+01  0.223177301159061E+01
   0.237259327216055E+01  0.149811266960275E+01  0.237989997243987E+01
   0.300086099771757E+01  0.146476960831207E+01  0.145790182025588E+01
   0.388138203435138E+01  0.236311087808243E+01  0.151173827637685E+01
   0.303556293080373E+01  0.235433543549105E+01  0.230879303423638E+01
   0.383618926244631E+01  0.149698398215264E+01  0.232642152996400E+01
   0.469932663358460E+01  0.160679174255900E+01  0.148022697312354E+01
   0.533708295012497E+01  0.225822776754523E+01  0.160144055438438E+01
   0.457713211683761E+01  0.223729660536588E+01  0.239330309754399E+01
   0.545513905557509E+01  0.154120535939836E+01  0.232954184793363E+01
   0.541986520037823E-01  0.302795748608081E+01  0.152934301426648E+01
   0.708963937465353E+00  0.396653542461596E+01  0.157192677365862E+01
  -0.894655813900755E-01  0.387511429798065E+01  0.238505001100499E+01
   0.702697833110440E+00  0.304612613663258E+01  0.238556775363043E+01
   0.151103064976559E+01  0.304949536560524E+01  0.159636963976397E+01
   0.232695855823204E+01  0.394592864415772E+01  0.156845719978132E+01
   0.146623661040572E+01  0.383170363268661E+01  0.227160164858436E+01
   0.238072788376501E+01  0.309741822303723E+01  0.239408534944184E+01
   0.311926189306462E+01  0.317102440849694E+01  0.150211804566556E+01
   0.380233014560165E+01  0.390609632374438E+01  0.146612126330291E+01
   0.303191467662712E+01  0.393957849221982E+01  0.239246573352682E+01
   0.390963520279290E+01  0.303388716070093E+01  0.223551340054001E+01
   0.455665845211111E+01  0.311789076427358E+01  0.148176500357736E+01
   0.550788070161736E+01  0.395470040258904E+01  0.145077800478978E+01
   0.468757859844573E+01  0.378979099382366E+01  0.235465174911854E+01
   0.543998409359102E+01  0.315495306431639E+01  0.231996466100056E+01
   0.592788711022326E-01  0.474493234366295E+01  0.152655131715356E+01
   0.692020711528904E+00  0.539065565973485E+01  0.160497414485670E+01
   0.679936694139589E-01  0.533198368506910E+01  0.240637572111041E+01
   0.873263978770103E+00  0.466067650156990E+01  0.238680965679311E+01
   0.145958002008606E+01  0.468973735007518E+01  0.154059496652949E+01
   0.224258620486747E+01  0.548478398069673E+01  0.152670608790201E+01
   0.153428255199136E+01  0.545373861033924E+01  0.225243847464334E+01
   0.224588748958095E+01  0.463814900833107E+01  0.229749605036636E+01
   0.314757270363561E+01  0.473603618004553E+01  0.161463087989808E+01
   0.383843789980339E+01  0.534186441713169E+01  0.153527989807167E+01
   0.315504344850433E+01  0.547535564059394E+01  0.240636586600687E+01
   0.377843426992197E+01  0.459899930326780E+01  0.225979854977145E+01
   0.456985228093362E+01  0.455923000997423E+01  0.152651619009481E+01
   0.538863905959159E+01  0.543763936476289E+01  0.147371335948926E+01
   0.465043185429567E+01  0.535628978085758E+01  0.229298453213649E+01
   0.535895721897889E+01  0.459468346064457E+01  0.222671653640545E+01
   0.615880290904276E-01  0.889298351736591E-01  0.314838641331581E+01
   0.849933047822157E+00  0.781680950343366E+00  0.300412164745214E+01
   0.890512954172500E-01  0.806313730139133E+00  0.378336486053865E+01
   0.770201526968625E+00 -0.843515786173337E-01  0.396737377716542E+01
   0.147855148408896E+01 -0.184808524983392E-01  0.314897554637335E+01
   0.224341815151093E+01  0.752858806009099E+00  0.307026906150853E+01
   0.152678778646184E+01  0.793047435150366E+00  0.384561251821012E+01
   0.225586973924435E+01 -0.110265392601217E-01  0.393329420157844E+01
   0.302030414933798E+01 -0.271273577660374E-01  0.299966357787856E+01
   0.381858382206129E+01  0.685460453481916E+00  0.314413396250745E+01
   0.300405450811360E+01  0.866521736665628E+00  0.380608216062644E+01
   0.393911367867583E+01 -0.233675040769593E-01  0.397169439768216E+01
   0.468424167159831E+01  0.980422310684861E-02  0.303709462368240E+01
   0.545453921930869E+01  0.693123265778128E+00  0.302988951531917E+01
   0.460585544248200E+01  0.832783482630375E+00  0.377892084403534E+01
   0.539812927648318E+01  0.417485637844856E-01  0.388721692570466E+01
  -0.915606789786573E-01  0.154536975924404E+01  0.311531692890704E+01
   0.839517620045827E+00  0.241736979530745E+01  0.304173001745783E+01
   0.928262139743740E-01  0.229678958373182E+01  0.384857654805808E+01
   0.747070006362530E+00  0.153029071043118E+01  0.394227522014573E+01
   0.163111440967008E+01  0.146284983613617E+01  0.314588972848994E+01
   0.237449542560245E+01  0.223832235146285E+01  0.313807686423127E+01
   0.155123478087542E+01  0.228255058655954E+01  0.393719082388192E+01
   0.236828043098187E+01  0.152956080630273E+01  0.392414117600917E+01
   0.300241664155583E+01  0.147618692444886E+01  0.319563598947154E+01
   0.383738885824552E+01  0.234435234171324E+01  0.301427868433729E+01
   0.300084694705938E+01  0.236002147461480E+01  0.395024025679003E+01
   0.386297836906770E+01  0.150960114003126E+01  0.384785023573637E+01
   0.457680739250534E+01  0.151491403772048E+01  0.315665686334470E+01
   0.550987949562058E+01  0.235329924857380E+01  0.306282671427502E+01
   0.470827201912497E+01  0.225554030961754E+01  0.392280485365454E+01
   0.551576798816883E+01  0.164615136351190E+01  0.390678207304457E+01
   0.770463493945399E-01  0.315311114606056E+01  0.302862235917368E+01
   0.770502894104307E+00  0.395227958602118E+01  0.317101164988438E+01
  -0.567305089259358E-01  0.383786204315723E+01  0.395621809219825E+01
   0.850503874301809E+00  0.313140242207434E+01  0.393731100116226E+01
   0.147327969578233E+01  0.303924268515678E+01  0.310964185154268E+01
   0.239357668909888E+01  0.389954084606208E+01  0.316473045850068E+01
   0.145202750538063E+01  0.384966873339426E+01  0.383674353718907E+01
   0.242399313282235E+01  0.309343694553162E+01  0.396972690607705E+01
   0.319525943586005E+01  0.308587890648355E+01  0.310960689923691E+01
   0.391250392923656E+01  0.384057777525100E+01  0.301659031787143E+01
   0.318825300175438E+01  0.386807056353360E+01  0.383547682387879E+01
   0.390756012653381E+01  0.304847334245449E+01  0.390324856670975E+01
   0.454963441430339E+01  0.317960489820930E+01  0.314268416570809E+01
   0.546511020340611E+01  0.384141991436988E+01  0.308780517091659E+01
   0.466211164495956E+01  0.384245788245326E+01  0.394268454118968E+01
   0.538990464734808E+01  0.308693628521710E+01  0.389611736097083E+01
  -0.933828840023258E-01  0.456220668183718E+01  0.305497218798744E+01
   0.755979569825704E+00  0.536176039793762E+01  0.317706143800103E+01
   0.460108513027703E-01  0.532864582108388E+01  0.387772541530078E+01
   0.726869129762594E+00  0.459399526808679E+01  0.388406675604326E+01
   0.159115568429597E+01  0.472029212369555E+01  0.311958991413240E+01
   0.242216949507853E+01  0.534444435802502E+01  0.300723276662179E+01
   0.151320784203945E+01  0.540908131667490E+01  0.384001164903411E+01
   0.224736883642371E+01  0.462562770047666E+01  0.386621897717357E+01
   0.306597433577383E+01  0.454922012245418E+01  0.316346616177961E+01
   0.394071228592968E+01  0.549153766385886E+01  0.305342664080744E+01
   0.318426789746250E+01  0.548752219231831E+01  0.390811413033555E+01
   0.389779125586449E+01  0.474753241341592E+01  0.389314518828784E+01
   0.471987579437144E+01  0.456403579242625E+01  0.306618822461667E+01
   0.545633778057770E+01  0.546412715988580E+01  0.304883640442688E+01
   0.470945109176707E+01  0.543150609846234E+01  0.387283130226326E+01
   0.542990847963620E+01  0.464468894266163E+01  0.380865769094866E+01
   0.458073926367772E-02 -0.956971344339562E-01  0.460496464181363E+01
   0.793493766840112E+00  0.845446876106271E+00  0.468803567645970E+01
   0.796228808477845E-01  0.721004450374169E+00  0.549712654292043E+01
   0.801637050567236E+00 -0.518564667886203E-01  0.545142127580593E+01
   0.164146766705085E+01  0.293952955108801E-01  0.471140647637672E+01
   0.241098493933474E+01  0.732372271641634E+00  0.473771830339669E+01
   0.145770864369822E+01  0.866626717778409E+00  0.538976044469190E+01
   0.225335786352359E+01 -0.586509513263674E-01  0.538613281743450E+01
   0.305797456783454E+01  0.384896035858213E-01  0.472819201405518E+01
   0.381744874129607E+01  0.872160856177622E+00  0.458186220739073E+01
   0.300157140466675E+01  0.766217854272407E+00  0.552039161710113E+01
   0.397246652762867E+01 -0.127743062649289E-01  0.540861763308364E+01
   0.456797648817042E+01  0.693644556302579E-01  0.469688848043818E+01
   0.547952531272318E+01  0.800260597492899E+00  0.459554344417881E+01
   0.471948588706073E+01  0.827481963094760E+00  0.547975478423680E+01
   0.541883705960118E+01 -0.385596811097754E-01  0.532856961078706E+01
   0.313442341017467E-01  0.146937525265577E+01  0.460446786540119E+01
   0.715421904829838E+00  0.230510251967996E+01  0.465605906832573E+01
   0.174704717223578E-01  0.238742252041332E+01  0.546115309034362E+01
   0.831826258245868E+00  0.159316360145629E+01  0.534046167099084E+01
   0.162797332886951E+01  0.162186539881538E+01  0.473152035343231E+01
   0.238751612712899E+01  0.231414642567462E+01  0.460595259754140E+01
   0.153871050792544E+01  0.234054697332006E+01  0.552262857373905E+01
   0.225795963273059E+01  0.147753831957936E+01  0.536158548485911E+01
   0.307511787059072E+01  0.164508550465194E+01  0.465974328055717E+01
   0.396080908005845E+01  0.223087386743934E+01  0.473439352754692E+01
   0.305357789933666E+01  0.230252466350611E+01  0.536939156965728E+01
   0.390456699648673E+01  0.159080977040834E+01  0.536419401809489E+01
   0.469770730537255E+01  0.149645115796594E+01  0.468985012478666E+01
   0.537954391320187E+01  0.230282920519066E+01  0.460423068970954E+01
   0.468328767430513E+01  0.223073501708190E+01  0.548311078864245E+01
   0.536902600910048E+01  0.148240528487517E+01  0.543823674861357E+01
  -0.818883335959603E-01  0.307541273446435E+01  0.469872234846778E+01
   0.804074348481846E+00  0.377413126623792E+01  0.469123844548832E+01
  -0.744546878357198E-01  0.397331101572243E+01  0.550748309803456E+01
   0.744187903178952E+00  0.301017941283669E+01  0.547730607121575E+01
   0.154425047063720E+01  0.309895931886070E+01  0.465031107675576E+01
   0.226812546750164E+01  0.379537107181251E+01  0.472794348227580E+01
   0.157109680146564E+01  0.385085799683414E+01  0.542685619487728E+01
   0.241943831561373E+01  0.310115318016498E+01  0.539579662404955E+01
   0.319138647318848E+01  0.304552812046893E+01  0.463470468751867E+01
   0.379059587140517E+01  0.393122587103216E+01  0.465635015075906E+01
   0.307911699802378E+01  0.385545537015447E+01  0.550795842094015E+01
   0.379319162374236E+01  0.309722601969902E+01  0.532516179860260E+01
   0.467852338279662E+01  0.306126170519281E+01  0.457190032377918E+01
   0.547513588045221E+01  0.395357044591600E+01  0.464704326598200E+01
   0.455943858076346E+01  0.391539578835769E+01  0.550134768979883E+01
   0.550237600042446E+01  0.300180912328198E+01  0.543524465669551E+01
   0.407946018942513E-01  0.456358782355214E+01  0.456931723387896E+01
   0.773240228984657E+00  0.551008121763817E+01  0.470026064044664E+01
  -0.679732935704567E-01  0.548023783438440E+01  0.541956902413370E+01
   0.753362440337657E+00  0.458545149918092E+01  0.541211941189299E+01
   0.162503389296758E+01  0.466428657940484E+01  0.467246312267772E+01
   0.229394406708731E+01  0.539442589444165E+01  0.464001309258630E+01
   0.152652223661545E+01  0.547679401382541E+01  0.540876630305533E+01
   0.239015025111674E+01  0.455610689661370E+01  0.550628113959771E+01
   0.314289371618721E+01  0.458327328727413E+01  0.474072392589115E+01
   0.394372874295632E+01  0.546629576620805E+01  0.461875795882664E+01
   0.317380056721343E+01  0.542090679769609E+01  0.536867061472232E+01
   0.392884464023387E+01  0.466860136248900E+01  0.547565065877428E+01
   0.458728420080308E+01  0.468855035294603E+01  0.473432998404262E+01
   0.540470528539839E+01  0.540708558158791E+01  0.455037053261891E+01
   0.460517323280407E+01  0.541957115888214E+01  0.545977268627000E+01
   0.535537311161004E+01  0.466899171468221E+01  0.542903585908431E+01
