0.005555
0.005598
0.005667
0.005732
0.005768
0.005764
0.005718
0.005644
0.005562
0.005491
0.005431
0.005385
0.005358
0.00534
0.005344
0.005374
0.005429
0.005502
0.005583
0.00566
0.005724
0.00577
0.0058
0.005812
0.005806
0.005783
0.00574
0.00568
0.00561
0.005546
0.005503
0.005478
0.005468
0.005466
0.005456
0.005442
0.005419
0.005401
0.005401
0.00543
0.005493
0.005571
0.005648
0.005703
0.005728
0.005728
0.00571
0.00568
0.005651
0.005619
0.005582
0.005548
0.005514
0.005495
0.00549
0.005497
0.005501
0.005499
0.005498
0.005504
0.005519
0.005547
0.005581
0.005607
0.005622
0.00562
0.005599
0.005568
0.00554
0.005519
0.005511
0.005521
0.005542
0.005569
0.005591
0.005612
0.005623
0.005626
0.005618
0.005607
0.005587
0.005569
0.005556
0.005546
0.005536
0.005525
0.005516
0.005511
0.005516
0.005521
0.005535
0.005547
0.005561
0.005574
0.005581
0.005578
0.005561
0.005529
0.005494
0.005469
0.005459
0.005471
0.005492
0.005519
0.005542
0.005568
0.005596
0.005626
0.005647
0.005659
0.005671
0.005698
0.005734
0.00577
0.005783
0.005772
0.005737
0.005688
0.005649
0.005636
0.005636
0.005635
0.005602
0.005545
0.00549
0.005478
0.005525
0.005592
0.005638
0.005639
0.005605
0.005565
0.00555
0.005565
0.005604
0.005633
0.005643
0.005633
0.005611
0.005587
0.005561
0.005537
0.005527
0.005535
0.00556
0.005596
0.005628
0.005653
0.005662
0.005656
0.00563
0.005582
0.005543
0.005526
0.005545
0.005601
0.005673
0.005739
0.005783
0.005772
0.005711
0.00561
0.005506
0.005457
0.005507
0.005625
0.005755
0.005823
0.005812
0.005726
0.005606
0.005479
0.00539
0.005352
0.005377
0.005447
0.005539
0.005619
0.005681
0.005708
0.005715
0.005713
0.005705
0.005693
0.00567
0.005638
0.005596
0.005557
0.005532
0.005533
0.005549
0.005574
0.005594
0.005606
0.00561
0.005611
0.005622
0.005658
0.005703
0.005731
0.005687
0.005537
0.00534
0.005244
0.005307
0.005452
0.005579
0.005655
0.005702
0.00573
0.005746
0.005756
0.005763
0.005764
0.005757
0.00574
0.005709
0.005669
0.00564
0.005625
0.005627
0.005633
0.005623
0.00561
0.005598
0.00561
0.005646
0.005691
0.005731
0.005758
0.005761
0.005743
0.005709
0.005657
0.005588
0.005501
0.005396
0.005294
0.005245
0.005292
0.005426
0.005593
0.005732
0.005818
0.005862
0.005868
0.005846
0.005809
0.005764
0.005713
0.005662
0.005602
0.005549
0.005504
0.005469
0.005453
0.00545
0.005456
0.005471
0.005485
0.005493
0.005497
0.00551
0.005526
0.005548
0.005578
0.005607
0.00563
0.005647
0.005656
0.005647
0.005625
0.005585
0.005528
0.005466
0.005408
0.005371
0.005349
0.005341
0.005349
0.005364
0.005391
0.005434
0.005489
0.005558
0.005625
0.005689
0.005743
0.005779
0.005792
0.005776
0.005728
0.005656
0.005581
0.005531
0.005519
0.005536
0.005566
0.005586
0.005595
0.005597
0.005584
0.005568
0.005552
0.005541
0.005536
0.005537
0.005545
0.005561
0.005574
0.005596
0.005616
0.00563
0.005633
0.005617
0.005584
0.005542
0.0055
0.005487
0.005509
0.00556
0.005618
0.005666
0.005691
0.005693
0.00569
0.005696
0.005717
0.00575
0.005783
0.005798
0.005765
0.005679
0.005543
0.005396
0.005297
0.005285
0.00535
0.005456
0.005548
0.005612
0.005653
0.005683
0.005713
0.005731
0.005739
0.005724
0.005677
0.005624
0.005592
0.005593
0.005628
0.005672
0.005711
0.005742
0.005761
0.005772
0.005769
0.005741
0.005688
0.005616
0.005533
0.005457
0.005404
0.005382
0.005387
0.005424
0.005476
0.00553
0.005572
0.005599
0.005616
0.00562
0.005631
0.005651
0.005683
0.005715
0.005737
0.005747
0.00574
0.005723
0.005718
0.005723
0.005727
0.005722
0.005696
0.005646
0.005584
0.005525
0.005495
0.005496
0.00553
0.005567
0.005584
0.005568
0.005528
0.00548
0.005452
0.00545
0.005484
0.005539
0.005603
0.005664
0.005702
0.005712
0.005702
0.005678
0.005653
0.005632
0.005607
0.005571
0.00554
0.005515
0.005506
0.005515
0.005546
0.005581
0.00561
0.005625
0.005624
0.005607
0.005577
0.005539
0.005506
0.005485
0.005483
0.005497
0.005523
0.005542
0.005554
0.005542
0.005529
0.005537
0.005581
0.005655
0.005732
0.005793
0.005819
0.005806
0.00576
0.00569
0.005609
0.005543
0.005503
0.005481
0.005474
0.005471
0.005471
0.005477
0.00549
0.005511
0.005552
0.005603
0.005653
0.00569
0.005696
0.005668
0.005619
0.005557
0.005496
0.005445
0.005412
0.005407
0.005426
0.005472
0.005522
0.005575
0.005621
0.005647
0.005656
0.005652
0.005644
0.005633
0.005615
0.005587
0.005552
0.005514
0.005469
0.005428
0.005397
0.005383
0.005389
0.005419
0.00547
0.005531
0.005593
0.005644
0.005673
0.005691
0.005698
0.005699
0.005695
0.00567
0.005635
0.005582
0.00552
0.005462
0.005424
0.005403
0.005405
0.005426
0.005465
0.005526
0.005604
0.005679
0.005731
0.005748
0.005739
0.005716
0.005685
0.005656
0.005622
0.005577
0.005524
0.005475
0.005447
0.005454
0.005502
0.005572
0.005637
0.005674
0.005674
0.005667
0.005698
0.005767
0.005847
0.005886
0.005863
0.005774
0.005649
0.005509
0.005391
0.005329
0.005322
0.005359
0.005422
0.005505
0.005606
0.005708
0.005788
0.00584
0.00586
0.005855
0.005827
0.005781
0.005718
0.005651
0.005582
0.005518
0.005481
0.005474
0.005492
0.005521
0.00554
0.00554
0.005509
0.005467
0.005438
0.005447
0.005495
0.005565
0.005628
0.005673
0.005695
0.005698
0.00569
0.005675
0.005659
0.005633
0.005611
0.005585
0.005556
0.005529
0.005508
0.0055
0.005509
0.005528
0.005548
0.005566
0.005576
0.005581
0.005593
0.00561
0.005634
0.00566
0.005663
0.005634
0.005568
0.005483
0.005435
0.005467
0.005558
0.005662
0.005731
0.005764
0.005759
0.005737
0.005706
0.005672
0.005641
0.005618
0.005606
0.005612
0.005621
0.005632
0.005634
0.005626
0.005612
0.005598
0.00559
0.005595
0.005611
0.005635
0.005655
0.005663
0.00567
0.005689
0.005732
0.005784
0.0058
0.005753
0.005656
0.005563
0.005545
0.005592
0.005654
0.005699
0.005731
0.005763
0.005806
0.00584
0.005851
0.005825
0.00576
0.005663
0.005549
0.005448
0.005389
0.005392
0.005454
0.005542
0.005636
0.005712
0.005762
0.005789
0.005798
0.005787
0.005758
0.005703
0.005633
0.005556
0.005504
0.005492
0.005525
0.005584
0.005645
0.005687
0.005699
0.005677
0.00563
0.005573
0.005524
0.005494
0.005489
0.005508
0.005542
0.005579
0.005606
0.005622
0.005623
0.005608
0.005591
0.005567
0.005542
0.005524
0.005523
0.005542
0.005581
0.005625
0.005665
0.005697
0.00571
0.005725
0.005736
0.005748
0.005764
0.005779
0.005791
0.0058
0.005803
0.005792
0.005754
0.005703
0.00565
0.005617
0.005602
0.005599
0.005598
0.005594
0.005585
0.005578
0.005583
0.005602
0.005636
0.005678
0.005717
0.005737
0.005719
0.005685
0.005646
0.00563
0.005657
0.005725
0.005813
0.005879
0.005898
0.005866
0.005801
0.00573
0.00568
0.005656
0.005652
0.005644
0.00562
0.00557
0.005511
0.005468
0.005461
0.005491
0.005545
0.005604
0.005662
0.005704
0.005732
0.005746
0.005752
0.005757
0.005755
0.005751
0.005744
0.005731
0.005707
0.005676
0.005645
0.005615
0.005595
0.00559
0.005605
0.005643
0.005688
0.005723
0.005727
0.005706
0.005674
0.005646
0.005638
0.005645
0.005664
0.005676
0.005666
0.00563
0.005579
0.005549
0.005565
0.005628
0.005709
0.005776
0.00581
0.005804
0.005769
0.00571
0.005657
0.005616
0.005598
0.005599
0.005605
0.0056
0.005586
0.00557
0.005562
0.005557
0.005548
0.005526
0.005505
0.005495
0.005514
0.005551
0.005606
0.005661
0.005706
0.00573
0.005744
0.005754
0.005757
0.005762
0.005769
0.005777
0.00579
0.005805
0.005826
0.005831
0.005819
0.005782
0.005715
0.005613
0.00549
0.005365
0.005268
0.005234
0.005273
0.005386
0.005525
0.005653
0.005747
0.005807
0.005832
0.005834
0.005819
0.005803
0.005775
0.005743
0.005706
0.005663
0.005632
0.005627
0.005643
0.00568
0.005731
0.005791
0.005844
0.005853
0.005799
0.005703
0.005606
0.005553
0.005567
0.005622
0.005689
0.005735
0.005755
0.005747
0.005711
0.005653
0.005588
0.005559
0.005592
0.005668
0.005749
0.005799
0.005806
0.005779
0.005735
0.00569
0.005653
0.005623
0.005606
0.005592
0.005582
0.005576
0.005573
0.005568
0.005567
0.005566
0.005558
0.005548
0.005538
0.005531
0.00554
0.005565
0.005598
0.005631
0.005654
0.005656
0.005636
0.005603
0.005573
0.005578
0.005612
0.005675
0.005747
0.005813
0.005858
0.005876
0.005864
0.005826
0.005764
0.005687
0.005613
0.005546
0.005502
0.005476
0.005466
0.005474
0.005497
0.005542
0.005591
0.005633
0.005653
0.005646
0.005625
0.005609
0.00561
0.005632
0.005649
0.005666
0.005675
0.005679
0.005691
0.005703
0.005712
0.005712
0.005697
0.005668
0.005624
0.005572
0.005527
0.005492
0.005478
0.005487
0.005515
0.005563
0.005623
0.005686
0.005749
0.005805
0.005836
0.005845
0.005825
0.005783
0.00573
0.005669
0.005619
0.005581
0.005563
0.005573
0.005602
0.005634
0.005655
0.005659
0.005642
0.00561
0.00558
0.005555
0.005548
0.005557
0.005583
0.005613
0.005648
0.00569
0.005736
0.005781
0.005815
0.005816
0.005776
0.005723
0.005672
0.005645
0.005649
0.005671
0.005692
0.005694
0.005662
0.005606
0.00555
0.005513
0.00551
0.005549
0.005602
0.005649
0.005685
0.005709
0.005721
0.005728
0.00573
0.005728
0.005721
0.005704
0.005673
0.005637
0.005591
0.005553
0.005538
0.005554
0.005595
0.005651
0.005696
0.005713
0.005703
0.005673
0.005641
0.005619
0.005611
0.005619
0.005643
0.005683
0.005725
0.005758
0.005763
0.005737
0.005687
0.005622
0.005568
0.005539
0.005545
0.005585
0.005647
0.005714
0.005769
0.005797
0.005795
0.005758
0.005699
0.005628
0.005566
0.005529
0.005515
0.005526
0.005547
0.005564
0.005575
0.005586
0.005599
0.005608
0.005613
0.005625
0.005642
0.005664
0.005693
0.005729
0.005762
0.005792
0.00581
0.005803
0.005774
0.005714
0.005642
0.005567
0.005515
0.005488
0.005499
0.00553
0.005575
0.005631
0.005691
0.005751
0.005814
0.005868
0.0059
0.005906
0.005895
0.005877
0.005863
0.005851
0.005827
0.005785
0.005718
0.005636
0.00556
0.005512
0.005512
0.005553
0.005622
0.00569
0.005735
0.005751
0.005729
0.005681
0.005619
0.005553
0.005505
0.005489
0.005518
0.005581
0.005659
0.00573
0.005777
0.005793
0.005786
0.005754
0.005713
0.005667
0.005637
0.005631
0.00564
0.005661
0.005686
0.005699
0.005703
0.005709
0.005725
0.005754
0.005776
0.005786
0.005769
0.005712
0.005627
0.005525
0.005436
0.005392
0.005406
0.00546
0.005524
0.005576
0.005612
0.005645
0.005686
0.005727
0.005763
0.005783
0.005792
0.005797
0.0058
0.005804
0.00581
0.005805
0.005784
0.005735
0.005655
0.005545
0.005421
0.005334
0.00534
0.005429
0.005553
0.00566
0.005731
0.005769
0.00578
0.005781
0.005767
0.005739
0.005703
0.005662
0.005618
0.005581
0.005548
0.005522
0.005506
0.005502
0.005512
0.005539
0.005573
0.005619
0.005667
0.005717
0.005763
0.005789
0.00579
0.005766
0.00572
0.005658
0.005592
0.005536
0.005497
0.005479
0.005482
0.005506
0.005552
0.005607
0.00567
0.005726
0.005768
0.00579
0.005793
0.005774
0.005738
0.005699
0.00566
0.005625
0.005585
0.00554
0.005496
0.00547
0.005474
0.005517
0.005591
0.005667
0.005723
0.005753
0.005756
0.005737
0.005712
0.005686
0.005664
0.005643
0.005628
0.005614
0.005606
0.005611
0.005632
0.00567
0.00571
0.005747
0.005763
0.005753
0.005716
0.00566
0.005599
0.005556
0.005551
0.005582
0.005646
0.005708
0.005757
0.005776
0.005775
0.00575
0.005724
0.005701
0.005688
0.005687
0.005702
0.005725
0.005757
0.005795
0.005824
0.005837
0.005824
0.005787
0.005717
0.00563
0.005529
0.005439
0.005397
0.005417
0.005492
0.005598
0.005695
0.00577
0.005808
0.005824
0.005812
0.00579
0.005759
0.00573
0.005702
0.00568
0.005657
0.005634
0.005614
0.005597
0.005577
0.005558
0.005536
0.005518
0.005503
0.005499
0.005504
0.005524
0.005556
0.005605
0.005669
0.005737
0.005797
0.005845
0.005856
0.005833
0.005765
0.005654
0.005519
0.005394
0.00531
0.005289
0.005344
0.005458
0.005596
0.005722
0.005808
0.005855
0.005863
0.005837
0.00578
0.005713
0.005646
0.005599
0.005583
0.005599
0.005643
0.005695
0.005742
0.00578
0.0058
0.005793
0.005762
0.005714
0.005656
0.005605
0.005583
0.0056
0.005649
0.005713
0.005763
0.005787
0.005782
0.005754
0.005707
0.00566
0.00562
0.005596
0.005587
0.005586
0.005583
0.00557
0.005549
0.005537
0.005557
0.005604
0.005677
0.005746
0.005796
0.005818
0.005806
0.005777
0.005744
0.00571
0.005688
0.005693
0.005721
0.005768
0.00582
0.005863
0.005884
0.005877
0.00585
0.005808
0.00576
0.005719
0.005679
0.005644
0.00561
0.005583
0.005554
0.005532
0.005522
0.005532
0.005565
0.00562
0.005693
0.005764
0.005823
0.005847
0.005844
0.005808
0.005748
0.005684
0.005633
0.005608
0.00562
0.005662
0.005717
0.005767
0.005799
0.00581
0.005807
0.005801
0.005796
0.005793
0.005786
0.005763
0.005722
0.005669
0.005616
0.005569
0.00554
0.005537
0.00555
0.005585
0.005628
0.005674
0.005711
0.00573
0.005733
0.005725
0.005715
0.005699
0.005672
0.005631
0.005578
0.005534
0.005519
0.005539
0.00559
0.00565
0.005708
0.005747
0.005773
0.005783
0.005789
0.005793
0.005794
0.005781
0.005753
0.005709
0.005654
0.005607
0.00558
0.005592
0.005635
0.005694
0.005745
0.005774
0.005763
0.005726
0.005679
0.005642
0.005632
0.005642
0.00566
0.005678
0.005678
0.005666
0.005644
0.005631
0.005623
0.005624
0.005643
0.005673
0.00571
0.005731
0.005729
0.005691
0.005628
0.005573
0.00554
0.005545
0.005593
0.005669
0.005745
0.0058
0.005821
0.005803
0.005745
0.005666
0.005586
0.005539
0.005544
0.005592
0.005656
0.005713
0.005743
0.005741
0.005712
0.005668
0.005625
0.005601
0.005596
0.005611
0.005632
0.005644
0.005647
0.005662
0.005708
0.005766
0.005824
0.005841
0.005808
0.005739
0.005664
0.00561
0.005578
0.005574
0.00558
0.005582
0.005572
0.005563
0.005555
0.005557
0.005578
0.005621
0.005663
0.005697
0.005722
0.00573
0.005716
0.00569
0.005646
0.005588
0.005531
0.00549
0.005491
0.005538
0.005631
0.005742
0.00584
0.005897
0.005905
0.005857
0.005791
0.005738
0.005717
0.005731
0.005756
0.005771
0.005768
0.005742
0.005714
0.005693
0.005676
0.005663
0.005659
0.005651
0.005645
0.005631
0.005605
0.005565
0.005518
0.005476
0.005441
0.005425
0.005436
0.005477
0.005535
0.005608
0.005683
0.005746
0.005793
0.005824
0.005832
0.005826
0.005813
0.005794
0.005781
0.005782
0.005795
0.005799
0.005779
0.005729
0.005663
0.005608
0.0056
0.00564
0.005707
0.005765
0.005793
0.005787
0.005762
0.005738
0.005732
0.005731
0.005723
0.005697
0.005656
0.005621
0.005599
0.005598
0.005617
0.005651
0.005682
0.005707
0.005717
0.005715
0.005718
0.005733
0.005757
0.005767
0.005762
0.005751
0.00576
0.005798
0.005856
0.005898
0.0059
0.005851
0.005766
0.005683
0.005637
0.005655
0.005713
0.005774
0.005804
0.0058
0.005766
0.005709
0.005645
0.005595
0.005569
0.005573
0.005599
0.005636
0.005665
0.005674
0.005668
0.005646
0.005616
0.00559
0.005579
0.005594
0.00563
0.005682
0.005731
0.005762
0.005759
0.005728
0.005675
0.005623
0.005588
0.005581
0.00561
0.005653
0.005716
0.005781
0.005836
0.005872
0.00588
0.005854
0.005793
0.005695
0.005588
0.005485
0.005424
0.005436
0.005509
0.005623
0.005735
0.005808
0.00583
0.005806
0.005753
0.00569
0.005634
0.005599
0.0056
0.005631
0.005678
0.005726
0.005758
0.005774
0.005786
0.005802
0.005818
0.005831
0.00583
0.005798
0.005737
0.005641
0.005555
0.00552
0.005554
0.005627
0.005692
0.00572
0.005716
0.005691
0.005655
0.005628
0.005616
0.005623
0.005642
0.005674
0.005709
0.005744
0.005777
0.005811
0.005846
0.005893
0.00594
0.005971
0.005981
0.005946
0.005866
0.005737
0.005576
0.005418
0.005305
0.005259
0.005291
0.00538
0.005494
0.005605
0.0057
0.005779
0.005836
0.005876
0.005906
0.005922
0.005929
0.005924
0.005904
0.005869
0.005837
0.005808
0.005796
0.005794
0.005785
0.005752
0.005687
0.005609
0.005549
0.005538
0.00557
0.005621
0.005676
0.005732
0.005787
0.005843
0.00589
0.005917
0.005916
0.005891
0.005859
0.005823
0.005784
0.005735
0.005681
0.00563
0.005578
0.005545
0.005532
0.005541
0.005568
0.005598
0.00564
0.00569
0.005747
0.005802
0.005846
0.005859
0.005833
0.005776
0.005709
0.005651
0.005608
0.005587
0.00559
0.005621
0.005674
0.005736
0.005792
0.005833
0.005846
0.00584
0.005825
0.005815
0.005813
0.005807
0.00579
0.005747
0.00568
0.0056
0.005532
0.0055
0.005504
0.005539
0.005579
0.005621
0.005664
0.005709
0.005737
0.005742
0.005729
0.00571
0.005695
0.005694
0.005707
0.005727
0.00575
0.00577
0.005786
0.005795
0.005796
0.005775
0.005714
0.005601
0.005448
0.005301
0.005229
0.005301
0.005494
0.005712
0.005871
0.005952
0.005971
0.005957
0.005919
0.005865
0.005794
0.005715
0.005632
0.005553
0.005482
0.005437
0.00542
0.005429
0.005461
0.005509
0.00557
0.00563
0.005674
0.005692
0.00568
0.00565
0.00562
0.00561
0.005625
0.005665
0.005713
0.005749
0.00576
0.005731
0.00568
0.005632
0.005614
0.005637
0.005675
0.005709
0.005723
0.005711
0.005686
0.005652
0.005612
0.005567
0.005523
0.005498
0.005502
0.005545
0.005621
0.005698
0.005749
0.00576
0.005736
0.005694
0.005654
0.005633
0.005636
0.00565
0.005666
0.005673
0.005677
0.005668
0.005648
0.00562
0.005582
0.005538
0.005506
0.005496
0.005512
0.005539
0.005568
0.005586
0.005597
0.005609
0.005635
0.005663
0.0057
0.005733
0.005752
0.005748
0.005728
0.005697
0.005657
0.005628
0.00561
0.005603
0.005602
0.0056
0.005591
0.005583
0.005575
0.005558
0.005541
0.005528
0.005521
0.00553
0.005562
0.005613
0.00568
0.00575
0.005806
0.005847
0.005864
0.005848
0.005796
0.005725
0.005642
0.005571
0.005521
0.005508
0.005517
0.005554
0.005589
0.005616
0.005627
0.00562
0.005602
0.005576
0.00556
0.005559
0.00558
0.005614
0.005655
0.005691
0.005712
0.00571
0.005687
0.005657
0.005617
0.005569
0.005522
0.005482
0.005452
0.005443
0.005462
0.005513
0.005598
0.005697
0.005805
0.005891
0.005947
0.005964
0.005943
0.005887
0.005814
0.005729
0.005637
0.005547
0.005468
0.00543
0.005433
0.005469
0.005517
0.005571
0.00562
0.005665
0.0057
0.005732
0.005749
0.005746
0.005731
0.005704
0.005688
0.005691
0.005725
0.005761
0.005781
0.005765
0.00571
0.005643
0.005574
0.005519
0.00549
0.005489
0.005518
0.00557
0.005624
0.005668
0.005689
0.005688
0.005681
0.005679
0.005683
0.005706
0.005745
0.005781
0.005802
0.005788
0.005754
0.005703
0.005658
0.005618
0.005603
0.005601
0.005606
0.005611
0.00561
0.005604
0.00559
0.005565
0.005537
0.005508
0.005496
0.005501
0.005523
0.00556
0.005622
0.00569
0.005764
0.005822
0.005853
0.005861
0.005845
0.005814
0.005779
0.005739
0.005688
0.00563
0.005564
0.0055
0.005462
0.005473
0.005528
0.005613
0.005689
0.005736
0.005749
0.005731
0.005697
0.005651
0.005612
0.005585
0.005589
0.005614
0.005636
0.005649
0.005644
0.005631
0.005619
0.00562
0.00563
0.005643
0.005658
0.005667
0.005672
0.005676
0.005672
0.00566
0.005636
0.005597
0.005565
0.005546
0.005544
0.005557
0.005576
0.005589
0.005593
0.005591
0.005587
0.005594
0.0056
0.005602
0.005595
0.005588
0.005581
0.005576
0.005585
0.005603
0.005618
0.00562
0.005609
0.005586
0.005564
0.005554
0.005563
0.005579
0.005595
0.005593
0.005572
0.005539
0.005501
0.00547
0.005457
0.005463
0.005483
0.005514
0.00555
0.005581
0.005608
0.005631
0.00565
0.005669
0.005694
0.005726
0.005759
0.005786
0.005804
0.005804
0.00579
0.005753
0.005692
0.005599
0.005504
0.005432
0.005418
0.005455
0.005513
0.005559
0.005575
0.005571
0.005559
0.00555
0.005551
0.005558
0.005568
0.005583
0.005594
0.005607
0.00562
0.005636
0.005652
0.005677
0.005697
0.005715
0.005731
0.005737
0.005733
0.005712
0.005674
0.005631
0.005582
0.005536
0.005496
0.005478
0.00547
0.005473
0.005499
0.005546
0.005607
0.005669
0.0057
0.00569
0.005645
0.005585
0.005537
0.00553
0.005572
0.005634
0.005692
0.005721
0.005712
0.005667
0.005607
0.00556
0.005547
0.005581
0.005641
0.005696
0.00572
0.00571
0.005667
0.005616
0.005581
0.005575
0.005608
0.005669
0.005737
0.005793
0.00583
0.005837
0.005816
0.005764
0.005685
0.005585
0.005491
0.005421
0.005383
0.005387
0.005431
0.005515
0.005606
0.005679
0.005724
0.005748
0.005767
0.005787
0.005802
0.005802
0.005786
0.005743
0.005673
0.005592
0.005526
0.005493
0.005506
0.00555
0.005612
0.005667
0.005701
0.005697
0.005658
0.005598
0.005536
0.005496
0.005484
0.005503
0.005538
0.005583
0.00562
0.005648
0.005667
0.005669
0.005662
0.005657
0.005643
0.005635
0.00563
0.005635
0.005637
0.005638
0.005624
0.005601
0.005577
0.005553
0.005534
0.005535
0.005555
0.005594
0.005654
0.005712
0.005755
0.005766
0.005737
0.005687
0.005636
0.005594
0.005572
0.005563
0.00556
0.005564
0.005577
0.005599
0.005626
0.005644
0.005644
0.005628
0.005604
0.005576
0.005554
0.005542
0.005539
0.005548
0.005576
0.005615
0.00566
0.005703
0.005745
0.005781
0.005808
0.005827
0.005838
0.005836
0.005815
0.005779
0.005726
0.005659
0.005587
0.005531
0.005495
0.00548
0.00548
0.005477
0.005464
0.005447
0.005438
0.005445
0.00548
0.005546
0.00563
0.00572
0.005815
0.005885
0.005918
0.005898
0.00583
0.005714
0.005577
0.005463
0.005407
0.005433
0.005534
0.005664
0.005776
0.00584
0.005853
0.005821
0.005753
0.005666
0.005581
0.00551
0.005458
0.005429
0.005416
0.005412
0.005422
0.005454
0.005496
0.005549
0.005601
0.005647
0.005686
0.005718
0.005731
0.00573
0.005715
0.005685
0.005642
0.005587
0.005527
0.005477
0.005443
0.005436
0.005465
0.00552
0.005584
0.005636
0.005648
0.005626
0.005583
0.005565
0.005583
0.005622
0.005664
0.005694
0.005709
0.005706
0.005693
0.005662
0.005625
0.005593
0.005592
0.005628
0.005683
0.005736
0.005767
0.005751
0.005688
0.005608
0.005537
0.005512
0.005524
0.005563
0.005606
0.005646
0.005687
0.005711
0.005713
0.00569
0.005659
0.005627
0.005606
0.005603
0.005608
0.00562
0.005635
0.005641
0.005638
0.00562
0.005602
0.005586
0.005583
0.005596
0.00564
0.005718
0.005811
0.005885
0.005918
0.005886
0.005795
0.005664
0.005518
0.005388
0.005303
0.005275
0.005311
0.005383
0.005476
0.005559
0.005628
0.005672
0.005695
0.005708
0.005719
0.005734
0.005754
0.005779
0.005807
0.005831
0.005851
0.005857
0.005839
0.005787
0.005701
0.005597
0.005491
0.005424
0.005405
0.005421
0.005452
0.005491
0.005542
0.0056
0.005661
0.005711
0.005735
0.005736
0.005715
0.005678
0.005641
0.005608
0.005599
0.005609
0.00564
0.005679
0.005713
0.005725
0.005714
0.005682
0.005642
0.005594
0.005554
0.00552
0.005501
0.005499
0.005504
0.005511
0.005517
0.005524
0.005531
0.005533
0.005542
0.00556
0.005583
0.005612
0.005641
0.005669
0.005697
0.005716
0.005729
0.005733
0.005721
0.005695
0.005653
0.005604
0.005563
0.005536
0.005524
0.005508
0.005485
0.005453
0.005421
0.005405
0.005412
0.005438
0.005488
0.005551
0.00561
0.005674
0.005728
0.005766
0.00579
0.005793
0.00578
0.005742
0.00568
0.005607
0.005532
0.005476
0.005442
0.00543
0.005437
0.005464
0.005498
0.005538
0.005579
0.00562
0.005655
0.005681
0.005699
0.005715
0.005723
0.005721
0.005707
0.005688
0.005653
0.005615
0.005576
0.005547
0.005532
0.005545
0.005575
0.005609
0.005634
0.005638
0.005622
0.005595
0.005567
0.005558
0.005581
0.005617
0.005652
0.00566
0.005661
0.0057
0.00579
0.00589
0.00595
0.005939
0.005866
0.005751
0.005635
0.005547
0.005511
0.005523
0.005557
0.005593
0.005614
0.005609
0.005596
0.00559
0.005595
0.005601
0.005597
0.005576
0.005548
0.005549
0.005591
0.005675
0.005775
0.005865
0.005926
0.005943
0.005897
0.005781
0.0056
0.005381
0.005205
0.005141
0.005208
0.005346
0.005494
0.005614
0.005702
0.005763
0.005791
0.005791
0.00577
0.005729
0.005681
0.005628
0.005591
0.005567
0.005556
0.005556
0.005566
0.005585
0.005602
0.005623
0.005628
0.005619
0.005589
0.005533
0.005463
0.0054
0.005382
0.005415
0.005501
0.005608
0.005705
0.005771
0.005797
0.005782
0.00573
0.005656
0.005575
0.0055
0.005455
0.005429
0.005421
0.005422
0.005428
0.005439
0.005469
0.005521
0.005593
0.005681
0.005773
0.005838
0.005873
0.00587
0.005831
0.00576
0.005676
0.005593
0.005518
0.005461
0.005432
0.005431
0.005456
0.005499
0.005545
0.005584
0.005604
0.005604
0.005587
0.005567
0.005545
0.005533
0.005551
0.005598
0.005662
0.005724
0.005752
0.00575
0.005725
0.005687
0.005648
0.005621
0.005601
0.005597
0.005612
0.005636
0.005664
0.005689
0.005709
0.005721
0.005721
0.005696
0.005633
0.005533
0.005405
0.005299
0.005264
0.005331
0.005463
0.0056
0.005695
0.005739
0.005738
0.005705
0.005665
0.005636
0.005624
0.005635
0.005658
0.005677
0.005677
0.005653
0.005608
0.005549
0.005492
0.005446
0.005423
0.005425
0.005451
0.005495
0.005552
0.005605
0.005656
0.0057
0.005726
0.00573
0.005704
0.005637
0.005562
0.005531
0.00557
0.005667
0.00576
0.005808
0.005798
0.005742
0.005655
0.005555
0.005476
0.005456
0.005505
0.005584
0.00564
0.00565
0.005622
0.005572
0.005512
0.005474
0.005464
0.005491
0.005545
0.005615
0.005685
0.005739
0.005773
0.005789
0.005779
0.00574
0.005681
0.005621
0.005573
0.00556
0.00559
0.00564
0.005683
0.005693
0.005669
0.005617
0.005547
0.005477
0.005417
0.005382
0.005373
0.005387
0.005422
0.005472
0.005543
0.005618
0.005687
0.005745
0.005783
0.0058
0.005794
0.005764
0.005711
0.005646
0.005591
0.005548
0.005525
0.005521
0.005518
0.005504
0.005483
0.005462
0.005463
0.005494
0.005545
0.005597
0.005639
0.005664
0.00568
0.005694
0.005712
0.005729
0.005735
0.005717
0.005669
0.005594
0.005518
0.005497
0.005567
0.005705
0.005829
0.005887
0.005861
0.005773
0.005669
0.005595
0.005582
0.005634
0.005713
0.005779
0.005801
0.005767
0.005698
0.005632
0.005581
0.005557
0.005556
0.005569
0.005593
0.005634
0.005695
0.005765
0.005818
0.005831
0.005812
0.005765
0.00571
0.005673
0.005654
0.005651
0.005645
0.005616
0.005568
0.005511
0.005471
0.005469
0.0055
0.005545
0.005586
0.005607
0.00561
0.005609
0.005611
0.005626
0.00565
0.005672
0.005678
0.005674
0.005662
0.005635
0.005601
0.005565
0.005537
0.005532
0.005547
0.00558
0.005623
0.005653
0.005667
0.005656
0.005627
0.005583
0.005537
0.005492
0.005463
0.00545
0.005458
0.005483
0.005517
0.005543
0.005561
0.005566
0.005571
0.005589
0.005615
0.00564
0.005654
0.005645
0.00562
0.005588
0.005566
0.005561
0.005571
0.005591
0.005614
0.005624
0.005622
0.0056
0.005564
0.00551
0.005461
0.00543
0.005439
0.005487
0.005563
0.005649
0.005716
0.005735
0.005709
0.005662
0.005625
0.005611
0.005631
0.005672
0.005728
0.005781
0.005801
0.00578
0.005706
0.005594
0.005486
0.005432
0.005445
0.005509
0.005579
0.005637
0.005678
0.005697
0.005698
0.00568
0.00566
0.005649
0.005653
0.005672
0.005698
0.005717
0.005716
0.005691
0.005632
0.005557
0.005492
0.005471
0.005504
0.005579
0.005658
0.005723
0.005762
0.005777
0.005755
0.005686
0.005583
0.005499
0.005476
0.005512
0.005554
0.005575
0.005575
0.005591
0.005622
0.00566
0.005695
0.005707
0.005694
0.005661
0.005618
0.005579
0.005554
0.005545
0.005547
0.005547
0.005547
0.005539
0.005527
0.005515
0.005511
0.005522
0.005551
0.005589
0.005624
0.005654
0.005675
0.005682
0.005673
0.005648
0.005603
0.005543
0.005473
0.005419
0.005386
0.005381
0.005409
0.005458
0.005513
0.005566
0.005608
0.005634
0.005649
0.005646
0.005641
0.005633
0.005633
0.00564
0.00565
0.005652
0.005644
0.005619
0.005581
0.005541
0.005518
0.00554
0.005596
0.005673
0.005748
0.0058
0.00581
0.005785
0.005742
0.005696
0.005642
0.005585
0.00553
0.005479
0.005438
0.005413
0.005416
0.005454
0.005523
0.005613
0.005721
0.00583
0.005919
0.005968
0.00597
0.005928
0.005849
0.005756
0.005663
0.005596
0.005562
0.005559
0.005568
0.00558
0.00559
0.005603
0.005611
0.005616
0.005615
0.005601
0.005588
0.005582
0.005589
0.005613
0.00565
0.005683
0.005699
0.005693
0.005669
0.005639
0.005613
0.005604
0.005611
0.005632
0.005659
0.005679
0.005686
0.005677
0.005653
0.005616
0.005571
0.005527
0.005505
0.005518
0.005576
0.005661
0.00574
0.005791
0.005796
0.005768
0.005712
0.005654
0.005596
0.005556
0.005537
0.005536
0.005566
0.005616
0.005677
0.005734
0.005766
0.005763
0.005719
0.005647
0.005571
0.005507
0.005474
0.005471
0.005482
0.005493
0.005496
0.005495
0.005502
0.005522
0.005556
0.005597
0.005646
0.005683
0.005699
0.005687
0.00565
0.00559
0.005523
0.005475
0.005453
0.005453
0.005473
0.005501
0.005518
0.005532
0.005539
0.005543
0.005542
0.005536
0.005539
0.005538
0.005537
0.005539
0.005537
0.00553
0.005519
0.0055
0.005476
0.005461
0.005457
0.005483
0.005533
0.0056
0.005659
0.005701
0.005716
0.005703
0.005661
0.00561
0.005566
0.005536
0.005534
0.005549
0.005574
0.005593
0.005592
0.005572
0.005543
0.005518
0.005501
0.005497
0.005505
0.005532
0.005589
0.00567
0.005765
0.005844
0.005898
0.005908
0.005886
0.005833
0.00576
0.005687
0.005619
0.005563
0.005509
0.005463
0.005416
0.005379
0.005356
0.005362
0.005403
0.00548
0.005578
0.005683
0.005786
0.005885
0.005965
0.006006
0.006003
0.005952
0.005868
0.005759
0.00564
0.005526
0.005437
0.005388
0.005393
0.005441
0.005513
0.005584
0.005623
0.00561
0.005567
0.00553
0.005529
0.005563
0.005605
0.005642
0.005667
0.005681
0.005694
0.005705
0.005704
0.00569
0.00567
0.005638
0.005591
0.005541
0.00549
0.005454
0.005449
0.005475
0.005513
0.005555
0.005596
0.005623
0.00564
0.005646
0.005654
0.00565
0.005647
0.005637
0.005632
0.005625
0.005619
0.005615
0.005611
0.005605
0.005597
0.005592
0.00559
0.005583
0.005577
0.005577
0.005572
0.00557
0.005566
0.005558
0.00555
0.005542
0.005529
0.005531
0.005542
0.005578
0.005618
0.005641
0.005645
0.005635
0.005621
0.005608
0.005601
0.005588
0.005567
0.005557
0.005566
0.005596
0.005635
0.00567
0.005702
0.005711
0.00571
0.0057
0.005681
0.005661
0.005631
0.005591
0.005542
0.005491
0.00545
0.005427
0.005424
0.005437
0.005465
0.005504
0.005556
0.005604
0.005649
0.005682
0.005689
0.005677
0.005658
0.005641
0.005629
0.005628
0.00563
0.005635
0.00563
0.005617
0.005598
0.005585
0.005578
0.005572
0.005584
0.005595
0.005602
0.005598
0.005581
0.005558
0.005534
0.005513
0.005495
0.005472
0.00546
0.005475
0.005512
0.005579
0.005649
0.005699
0.00571
0.005686
0.005636
0.005587
0.005556
0.005558
0.005595
0.005644
0.005689
0.00571
0.005698
0.005651
0.005587
0.005516
0.005472
0.005471
0.005513
0.005578
0.005642
0.005679
0.005695
0.005696
0.005688
0.005682
0.005682
0.005683
0.005668
0.005642
0.005608
0.005578
0.005569
0.005595
0.005654
0.005737
0.005808
0.005843
0.005804
0.005703
0.005567
0.005447
0.005404
0.005452
0.005552
0.005656
0.005725
0.005758
0.005752
0.005723
0.005665
0.005604
0.005552
0.005527
0.005536
0.005565
0.005607
0.005651
0.005687
0.005716
0.005737
0.005744
0.005742
0.005733
0.005723
0.005712
0.005703
0.005685
0.005648
0.005597
0.005533
0.005476
0.005444
0.005439
0.005454
0.005489
0.00554
0.005592
0.005645
0.005682
0.005701
0.005702
0.005674
0.00563
0.005573
0.005513
0.005464
0.00543
0.005416
0.005425
0.005449
0.005486
0.005524
0.005567
0.00561
0.005655
0.005701
0.005737
0.005763
0.005775
0.005782
0.005778
0.005758
0.005722
0.005656
0.005579
0.005505
0.00545
0.005429
0.005438
0.005461
0.005492
0.005518
0.005545
0.00557
0.005587
0.005598
0.005606
0.005612
0.005611
0.005611
0.005604
0.005592
0.005571
0.005551
0.005533
0.005522
0.005515
0.005509
0.005503
0.005506
0.005513
0.005538
0.005574
0.005618
0.005661
0.00569
0.005707
0.005704
0.005691
0.005665
0.005634
0.005604
0.005577
0.005554
0.00554
0.005532
0.005527
0.005518
0.005496
0.005459
0.00541
0.005369
0.005368
0.005413
0.005486
0.005568
0.00563
0.005661
0.005658
0.005633
0.005601
0.005567
0.005543
0.005532
0.005528
0.005534
0.005541
0.005545
0.005549
0.005542
0.005541
0.005534
0.00552
0.005511
0.005512
0.00553
0.005566
0.005613
0.005658
0.005686
0.005698
0.005701
0.005708
0.005714
0.005715
0.005706
0.005688
0.005656
0.005603
0.005541
0.00547
0.005411
0.00539
0.005421
0.005497
0.005595
0.00569
0.005767
0.005818
0.005839
0.005836
0.005811
0.005767
0.005708
0.005638
0.005572
0.005518
0.005485
0.005475
0.005488
0.005513
0.005545
0.005579
0.005608
0.00563
0.00564
0.005647
0.005654
0.005663
0.005684
0.005717
0.005756
0.005794
0.005815
0.005813
0.00579
0.005741
0.005677
0.005604
0.005535
0.005497
0.005495
0.005529
0.005579
0.00563
0.005663
0.005668
0.005653
0.005628
0.005612
0.005601
0.005598
0.005598
0.005596
0.005595
0.005605
0.005623
0.005654
0.005689
0.005731
0.005756
0.005758
0.005738
0.005688
0.005621
0.005549
0.005494
0.005476
0.005491
0.005533
0.005594
0.005651
0.005686
0.005698
0.005687
0.005662
0.005636
0.005622
0.00562
0.00564
0.005669
0.005696
0.005714
0.005718
0.005711
0.005694
0.005678
0.005661
0.005645
0.005622
0.005593
0.005576
0.00557
0.005599
0.005659
0.005727
0.00578
0.005789
0.005757
0.005688
0.005605
0.005522
0.005452
0.005406
0.005395
0.00542
0.005468
0.00552
0.005565
0.005601
0.005632
0.005663
0.005693
0.005719
0.005738
0.005737
0.005725
0.005708
0.005699
0.005698
0.005701
0.0057
0.00568
0.005641
0.005572
0.00548
0.005387
0.005319
0.005299
0.005336
0.005414
0.005508
0.005592
0.005664
0.005724
0.005757
0.005765
0.005752
0.005716
0.005666
0.005612
0.005556
0.005505
0.005464
0.005442
0.005436
0.005447
0.005463
0.005484
0.005506
0.005532
0.005555
0.005573
0.005584
0.005597
0.005608
0.005612
0.005606
0.005595
0.005579
0.005557
0.005527
0.005498
0.005479
0.005474
0.005483
0.005508
0.005545
0.005571
0.005593
0.005609
0.005618
0.005627
0.005643
0.005666
0.005697
0.005745
0.005793
0.005831
0.005849
0.005821
0.005752
0.005645
0.005527
0.005421
0.00535
0.00532
0.005333
0.005376
0.005443
0.005522
0.005598
0.005663
0.005712
0.005746
0.005771
0.005794
0.005816
0.005827
0.005816
0.005788
0.005739
0.005682
0.005621
0.005573
0.005538
0.005515
0.0055
0.005494
0.005492
0.005494
0.005504
0.005524
0.00555
0.005583
0.005624
0.005669
0.005717
0.005754
0.005778
0.005787
0.005787
0.005776
0.005765
0.005743
0.005711
0.005668
0.005616
0.005548
0.005482
0.005422
0.005378
0.005359
0.005368
0.005406
0.005475
0.005568
0.005679
0.005788
0.005859
0.005849
0.005738
0.005586
0.005504
0.005548
0.005664
0.005775
0.005848
0.005885
0.005887
0.005858
0.005809
0.005748
0.005701
0.005676
0.005673
0.005673
0.005658
0.005622
0.005563
0.005497
0.005441
0.005408
0.005413
0.005462
0.005541
0.005625
0.005695
0.005739
0.005754
0.005749
0.005751
0.005771
0.005807
0.00584
0.005854
0.005828
0.005771
0.005692
0.00561
0.005554
0.00554
0.005567
0.005616
0.005669
0.005713
0.005741
0.005747
0.005727
0.00568
0.005609
0.005532
0.00546
0.005417
0.005415
0.005457
0.005529
0.005619
0.00571
0.005789
0.00585
0.005888
0.0059
0.005889
0.005857
0.005815
0.00576
0.005682
0.005585
0.005492
0.005422
0.005388
0.005401
0.005459
0.00555
0.005663
0.005771
0.005857
0.005902
0.0059
0.005863
0.005798
0.005732
0.005691
0.005674
0.005677
0.005685
0.005688
0.00568
0.005652
0.005604
0.005544
0.005474
0.00541
0.00537
0.005374
0.005427
0.00552
0.005636
0.005738
0.00582
0.00587
0.005883
0.005863
0.005818
0.005741
0.00564
0.005534
0.005442
0.00539
0.005395
0.005461
0.005569
0.005682
0.005778
0.005836
0.005852
0.005834
0.005788
0.005726
0.005662
0.005607
0.005568
0.005545
0.005541
0.005557
0.005586
0.005627
0.005662
0.005684
0.005697
0.005701
0.005691
0.005686
0.00568
0.005679
0.005683
0.005677
0.005657
0.00562
0.005586
0.005565
0.005573
0.005609
0.005661
0.005711
0.005735
0.005732
0.005697
0.005643
0.005581
0.005532
0.005505
0.005506
0.005531
0.005578
0.005632
0.005681
0.005711
0.005725
0.005727
0.005718
0.005711
0.005716
0.005731
0.005752
0.005774
0.005781
0.005765
0.005718
0.005643
0.005556
0.005486
0.005456
0.00547
0.005526
0.005603
0.005679
0.005741
0.005777
0.005793
0.005798
0.005797
0.005792
0.005779
0.005756
0.005731
0.005712
0.005702
0.00569
0.005663
0.005615
0.005549
0.005489
0.005466
0.005494
0.005562
0.00565
0.005733
0.005797
0.00584
0.005857
0.005853
0.005826
0.00578
0.005723
0.005669
0.00564
0.005644
0.005679
0.005723
0.005764
0.005765
0.005713
0.005601
0.005467
0.005374
0.005363
0.005421
0.005517
0.005614
0.005691
0.005746
0.005786
0.005804
0.005815
0.005817
0.005807
0.005788
0.005758
0.005707
0.005646
0.005584
0.005528
0.0055
0.0055
0.005522
0.005558
0.005593
0.005624
0.005649
0.005669
0.005683
0.005687
0.005677
0.005654
0.005619
0.005584
0.005558
0.005546
0.005551
0.005573
0.005601
0.005621
0.00563
0.005631
0.005617
0.005601
0.005584
0.005571
0.005563
0.005564
0.005564
0.005565
0.00557
0.005576
0.005591
0.005604
0.005623
0.005646
0.005684
0.005727
0.005769
0.005799
0.005803
0.005772
0.005696
0.005588
0.005478
0.005403
0.005387
0.005424
0.005484
0.005545
0.005588
0.005619
0.005639
0.005655
0.00566
0.005662
0.005659
0.005651
0.005641
0.005627
0.00562
0.005619
0.005631
0.005652
0.00567
0.005682
0.005681
0.005668
0.005649
0.005619
0.005584
0.005556
0.005527
0.005506
0.005495
0.0055
0.005532
0.00559
0.005665
0.005737
0.005789
0.005803
0.005778
0.005726
0.00566
0.005607
0.005586
0.005611
0.005658
0.005719
0.005771
0.00579
0.005768
0.005706
0.005625
0.005557
0.005519
0.005512
0.005535
0.005573
0.005619
0.005654
0.005679
0.005689
0.005677
0.005643
0.005586
0.005535
0.005517
0.005541
0.0056
0.005674
0.005739
0.005781
0.005805
0.005815
0.005816
0.005818
0.005808
0.005779
0.005726
0.005641
0.00553
0.005427
0.005369
0.005374
0.005446
0.005547
0.005643
0.005714
0.005757
0.005774
0.005784
0.005788
0.005784
0.005767
0.005731
0.005682
0.005638
0.005599
0.005597
0.005628
0.005693
0.005777
0.005847
0.005877
0.005857
0.005805
0.005743
0.005683
0.005644
0.005617
0.005593
0.005569
0.005551
0.005528
0.005512
0.005504
0.005508
0.005531
0.005567
0.005611
0.005658
0.005695
0.005713
0.00571
0.005693
0.005669
0.005654
0.00565
0.005654
0.005652
0.005639
0.005617
0.005604
0.005601
0.005613
0.005628
0.005652
0.005667
0.005678
0.005672
0.005652
0.005629
0.005598
0.00557
0.005553
0.005546
0.005552
0.005563
0.005584
0.005599
0.00561
0.005615
0.005622
0.005636
0.005672
0.005725
0.005779
0.005812
0.005794
0.005714
0.005583
0.005464
0.005427
0.005493
0.005604
0.005688
0.005724
0.005718
0.005694
0.005659
0.005619
0.005569
0.005516
0.005474
0.005461
0.005479
0.005524
0.005586
0.005647
0.005697
0.005731
0.005747
0.005747
0.005735
0.00572
0.005704
0.005682
0.005649
0.005607
0.005557
0.00551
0.005475
0.005451
0.00545
0.005462
0.005493
0.005524
0.005555
0.005583
0.005607
0.005619
0.005627
0.005633
0.005635
0.005628
0.005615
0.005584
0.005541
0.005505
0.00551
0.005567
0.005659
0.005747
0.005798
0.005806
0.005772
0.005711
0.005643
0.005584
0.005551
0.005538
0.005545
0.005558
0.005579
0.0056
0.005618
0.005641
0.005659
0.005659
0.005632
0.005575
0.005525
0.005519
0.005563
0.005636
0.005698
0.00572
0.005711
0.005676
0.005628
0.00558
0.005535
0.00549
0.005452
0.005427
0.005426
0.005466
0.005536
0.005631
0.005724
0.005804
0.005859
0.005882
0.005873
0.005829
0.005753
0.005651
0.005528
0.005409
0.005316
0.005269
0.005289
0.005362
0.005465
0.005573
0.00566
0.005717
0.005745
0.005752
0.005752
0.005745
0.005731
0.005713
0.005687
0.005656
0.005618
0.005583
0.005545
0.00552
0.00551
0.005525
0.005551
0.005577
0.005593
0.005592
0.005582
0.005563
0.005548
0.005548
0.005572
0.005604
0.005642
0.005675
0.005703
0.005728
0.005748
0.005764
0.005771
0.005771
0.005758
0.005733
0.005694
0.005646
0.005582
0.00551
0.005437
0.005389
0.005379
0.005414
0.005487
0.005572
0.005656
0.005723
0.005776
0.005807
0.005829
0.005833
0.005828
0.005804
0.005765
0.005724
0.005685
0.005651
0.00563
0.005615
0.005609
0.005608
0.005603
0.005597
0.005593
0.005596
0.005607
0.005629
0.005659
0.005689
0.005699
0.00568
0.005627
0.005545
0.005463
0.005412
0.005422
0.005494
0.005605
0.00571
0.005776
0.005798
0.005779
0.005747
0.005711
0.005683
0.005659
0.005635
0.005611
0.005596
0.005597
0.005611
0.005637
0.005664
0.005681
0.005664
0.005623
0.005566
0.005519
0.005505
0.00552
0.005556
0.005605
0.005651
0.005694
0.005727
0.005757
0.005773
0.00577
0.00576
0.00574
0.005712
0.005679
0.005639
0.005595
0.005545
0.005495
0.005463
0.005447
0.005458
0.005495
0.005543
0.005593
0.005635
0.005666
0.005681
0.005684
0.005678
0.005666
0.005661
0.00566
0.005665
0.005678
0.005693
0.005709
0.005714
0.005703
0.005664
0.005621
0.005585
0.005571
0.005582
0.005616
0.005667
0.005722
0.005763
0.00578
0.005766
0.005725
0.005678
0.005659
0.005684
0.005745
0.005815
0.005868
0.005877
0.00584
0.005768
0.005679
0.005595
0.00555
0.00554
0.005566
0.005607
0.005651
0.005684
0.005699
0.005706
0.005698
0.005678
0.005645
0.005612
0.005588
0.005588
0.005609
0.005641
0.005668
0.005684
0.005691
0.005696
0.005688
0.005667
0.005627
0.005581
0.005557
0.00557
0.005608
0.005644
0.005668
0.005666
0.005637
0.005602
0.005566
0.005546
0.005539
0.005543
0.005556
0.005579
0.005602
0.005629
0.005644
0.005654
0.005649
0.005632
0.005613
0.005588
0.005563
0.005542
0.005535
0.005551
0.005592
0.005649
0.005718
0.005775
0.005811
0.005821
0.005799
0.005757
0.005697
0.005612
0.005517
0.00542
0.005331
0.005278
0.005277
0.005336
0.005445
0.005585
0.005715
0.005818
0.00589
0.005926
0.005926
0.005888
0.005798
0.00569
0.005625
0.005639
0.005698
0.005747
0.005746
0.005698
0.005622
0.005542
0.005485
0.005463
0.005486
0.005541
0.00561
0.005672
0.00572
0.005752
0.005763
0.005757
0.005736
0.0057
0.005652
0.005593
0.005538
0.005494
0.005478
0.005489
0.005521
0.005567
0.005616
0.005659
0.005698
0.005732
0.005761
0.005775
0.005764
0.005732
0.005688
0.005652
0.005634
0.005633
0.005646
0.005669
0.005687
0.005696
0.0057
0.005707
0.005714
0.005707
0.005685
0.005661
0.005648
0.00565
0.005663
0.005662
0.005647
0.005621
0.005599
0.005584
0.005585
0.005605
0.005633
0.005675
0.005721
0.005766
0.005802
0.005822
0.005822
0.0058
0.005755
0.005697
0.005629
0.005562
0.005503
0.00546
0.005445
0.005449
0.005471
0.005502
0.005536
0.005579
0.00563
0.005683
0.005733
0.005764
0.005778
0.005773
0.005749
0.005715
0.005678
0.005644
0.00562
0.005618
0.005644
0.00569
0.005742
0.005789
0.005814
0.005809
0.005774
0.005719
0.005642
0.005571
0.005522
0.00552
0.005551
0.005607
0.005667
0.005718
0.005751
0.005771
0.005783
0.00579
0.005787
0.005775
0.005743
0.00569
0.005626
0.005573
0.005555
0.005598
0.005673
0.00574
0.005776
0.005767
0.005728
0.005691
0.005668
0.005672
0.005701
0.005745
0.005787
0.005814
0.005819
0.005805
0.005759
0.005692
0.005613
0.005533
0.005476
0.005463
0.005507
0.005589
0.00568
0.005752
0.005789
0.005794
0.005787
0.005768
0.005729
0.005674
0.005603
0.005536
0.005497
0.005498
0.005533
0.005591
0.005648
0.005695
0.005721
0.005717
0.005683
0.005627
0.00557
0.005533
0.005532
0.00557
0.005634
0.005677
0.00569
0.005659
0.005614
0.005584
0.005596
0.005651
0.005722
0.005774
0.005796
0.005786
0.005743
0.00569
0.005639
0.005599
0.005577
0.005571
0.005572
0.005571
0.005562
0.005546
0.005537
0.005549
0.005592
0.005648
0.005703
0.005737
0.005742
0.005718
0.005686
0.005661
0.005655
0.005657
0.005655
0.00563
0.005598
0.005578
0.005591
0.005628
0.00567
0.005698
0.005706
0.005692
0.005661
0.005619
0.005581
0.005569
0.005582
0.005616
0.005662
0.005701
0.005725
0.005726
0.005715
0.005696
0.005668
0.00563
0.005586
0.00555
0.005535
0.005545
0.005576
0.005616
0.00565
0.005673
0.005684
0.005691
0.0057
0.005713
0.005726
0.005734
0.005737
0.00573
0.005707
0.005675
0.005628
0.005579
0.005537
0.005502
0.005482
0.005472
0.005469
0.005468
0.005474
0.005488
0.005508
0.005537
0.005565
0.005589
0.005606
0.005615
0.005618
0.005622
0.005633
0.005653
0.005681
0.005711
0.00574
0.005751
0.005746
0.005724
0.005697
0.005675
0.005671
0.005675
0.005677
0.005669
0.00564
0.005587
0.005517
0.005449
0.005405
0.005408
0.005446
0.005512
0.005583
0.005649
0.005702
0.005733
0.005743
0.005726
0.005688
0.005642
0.005594
0.005557
0.005538
0.005537
0.00554
0.005551
0.005563
0.005589
0.005623
0.005655
0.005685
0.005705
0.005712
0.005709
0.005694
0.005663
0.005614
0.005546
0.005466
0.005375
0.005301
0.005253
0.005247
0.005285
0.00536
0.005455
0.005556
0.005647
0.005716
0.005761
0.005788
0.005796
0.00579
0.005779
0.005759
0.005723
0.005663
0.005576
0.005481
0.005409
0.005382
0.005408
0.005471
0.005541
0.005594
0.005623
0.005632
0.005637
0.005654
0.005681
0.005701
0.00571
0.005693
0.005649
0.005585
0.005525
0.005501
0.005531
0.005588
0.005643
0.005676
0.005689
0.005693
0.005698
0.005706
0.005713
0.005709
0.00569
0.005657
0.005621
0.005585
0.005565
0.00556
0.005572
0.005592
0.005612
0.005618
0.005606
0.005573
0.005526
0.005482
0.005445
0.005427
0.005434
0.00546
0.005509
0.005575
0.005648
0.005718
0.005764
0.005781
0.005768
0.00573
0.005674
0.005617
0.00556
0.00552
0.005492
0.005478
0.005476
0.005482
0.005493
0.005511
0.005541
0.005569
0.005588
0.005595
0.00559
0.005581
0.005569
0.00556
0.005555
0.005559
0.005574
0.005595
0.005617
0.005625
0.005613
0.005583
0.005544
0.005509
0.005492
0.005494
0.005507
0.005508
0.005505
0.005506
0.005511
0.00553
0.005553
0.005579
0.005604
0.005623
0.005646
0.005663
0.005677
0.005681
0.00567
0.005646
0.00561
0.005566
0.005518
0.005476
0.005457
0.005459
0.005497
0.005554
0.005617
0.005675
0.00572
0.005746
0.005752
0.005754
0.005752
0.005754
0.005748
0.005723
0.005677
0.00561
0.00553
0.005449
0.005397
0.005393
0.005434
0.005499
0.005564
0.005606
0.005625
0.005629
0.005641
0.00566
0.00569
0.005713
0.00573
0.005731
0.005724
0.005718
0.005726
0.005731
0.005732
0.005714
0.005668
0.005602
0.005526
0.00545
0.005395
0.00537
0.005387
0.00545
0.005548
0.005657
0.00575
0.0058
0.0058
0.005767
0.005723
0.005698
0.005697
0.005709
0.005716
0.005701
0.005671
0.005628
0.005576
0.005529
0.005483
0.005449
0.005427
0.005433
0.005468
0.005529
0.00561
0.005681
0.005732
0.005751
0.005742
0.005732
0.005751
0.005802
0.00586
0.005879
0.005837
0.005729
0.005584
0.005434
0.005316
0.005258
0.005264
0.005321
0.0054
0.00548
0.005545
0.005595
0.005627
0.005649
0.005654
0.005648
0.005639
0.005635
0.00563
0.005628
0.005624
0.005616
0.005587
0.00555
0.0055
0.005445
0.005387
0.005352
0.005349
0.005375
0.005425
0.005489
0.005558
0.005628
0.005688
0.005736
0.005758
0.005758
0.00574
0.005713
0.005675
0.005633
0.005599
0.005581
0.00558
0.005605
0.005643
0.005678
0.005689
0.005667
0.005617
0.005551
0.005491
0.005447
0.005437
0.005467
0.005523
0.005582
0.005628
0.005663
0.005678
0.005686
0.005684
0.005671
0.005652
0.00564
0.005653
0.00568
0.00571
0.00573
0.00573
0.005711
0.005683
0.005656
0.005635
0.005637
0.005658
0.0057
0.00574
0.005759
0.005732
0.005659
0.005567
0.005482
0.005442
0.005445
0.005487
0.005563
0.005649
0.00573
0.005784
0.005806
0.005797
0.005768
0.005727
0.00568
0.005621
0.005571
0.005547
0.005555
0.005592
0.005644
0.005684
0.005693
0.005664
0.005599
0.00552
0.005447
0.005406
0.005417
0.005477
0.005561
0.005649
0.005723
0.005777
0.005807
0.005813
0.005794
0.005759
0.005724
0.005695
0.005681
0.005681
0.005682
0.00567
0.005637
0.005576
0.005489
0.005379
0.005278
0.005234
0.005282
0.005412
0.005566
0.005689
0.005762
0.005785
0.005774
0.005745
0.005708
0.005671
0.005637
0.005605
0.005576
0.005551
0.005538
0.00554
0.00556
0.005596
0.005629
0.005644
0.00563
0.005585
0.005518
0.005452
0.005417
0.005421
0.005464
0.005531
0.005597
0.005655
0.005694
0.005703
0.005684
0.005641
0.005586
0.005535
0.005506
0.005498
0.005515
0.005551
0.005594
0.005637
0.005664
0.005681
0.005687
0.005684
0.005693
0.005705
0.005714
0.005708
0.005682
0.005634
0.005583
0.005539
0.005515
0.005519
0.005544
0.005573
0.005569
0.005522
0.005462
0.005447
0.005507
0.005613
0.005708
0.005762
0.005775
0.005755
0.005718
0.005675
0.005628
0.005589
0.00555
0.005525
0.00551
0.005506
0.005509
0.005518
0.005524
0.005532
0.005545
0.005562
0.005585
0.005607
0.005628
0.005636
0.005633
0.005628
0.005628
0.005637
0.005645
0.005634
0.005593
0.00552
0.005426
0.00533
0.005264
0.005259
0.005322
0.005444
0.005588
0.005696
0.005752
0.005745
0.005697
0.005624
0.005556
0.005504
0.005474
0.00547
0.005488
0.005518
0.00555
0.005591
0.005622
0.005636
0.005634
0.005615
0.005589
0.00557
0.00556
0.005571
0.005592
0.00561
0.005616
0.00561
0.005588
0.005561
0.005534
0.00551
0.00549
0.005478
0.005475
0.005489
0.005525
0.005574
0.005623
0.005665
0.005696
0.005712
0.005718
0.005717
0.005705
0.005676
0.005633
0.005588
0.005541
0.00551
0.005502
0.005512
0.005539
0.005571
0.005605
0.005644
0.005682
0.005713
0.005728
0.005725
0.005697
0.005655
0.005608
0.005576
0.005573
0.005599
0.005635
0.00566
0.005651
0.005607
0.005547
0.005504
0.005502
0.005549
0.005624
0.005696
0.005741
0.005747
0.005727
0.005684
0.005629
0.005579
0.005542
0.005518
0.005513
0.005518
0.005517
0.005501
0.005471
0.005451
0.005462
0.005511
0.005583
0.005655
0.005707
0.005746
0.005768
0.005777
0.005773
0.005752
0.005711
0.005647
0.005566
0.005484
0.005427
0.00542
0.005443
0.005474
0.005488
0.005482
0.005469
0.005473
0.00551
0.005561
0.005622
0.005678
0.00571
0.005722
0.00572
0.005703
0.005687
0.005662
0.005631
0.0056
0.005576
0.005567
0.005574
0.005586
0.005601
0.005616
0.005647
0.005699
0.005771
0.005834
0.005845
0.005769
0.005594
0.005378
0.005234
0.005262
0.005419
0.005576
0.005663
0.005691
0.005698
0.005714
0.005741
0.005762
0.005756
0.005725
0.005669
0.005603
0.005536
0.005477
0.005446
0.005439
0.00546
0.005502
0.005553
0.005604
0.005647
0.005673
0.005671
0.005637
0.005582
0.005547
0.005556
0.005595
0.005629
0.005624
0.005582
0.005532
0.005496
0.005484
0.005474
0.005457
0.005434
0.005419
0.005419
0.005443
0.00549
0.00555
0.005622
0.005695
0.005757
0.005802
0.005822
0.00581
0.005771
0.005708
0.005633
0.005548
0.005476
0.005409
0.005369
0.005357
0.005376
0.005414
0.005459
0.005498
0.00553
0.005556
0.005587
0.005621
0.005655
0.005678
0.005699
0.005716
0.005726
0.005728
0.00573
0.005721
0.005703
0.005678
0.005644
0.005597
0.005539
0.005482
0.005445
0.005442
0.005468
0.005519
0.005584
0.005648
0.005699
0.005722
0.005717
0.005682
0.005619
0.005536
0.005459
0.005399
0.005378
0.005396
0.005435
0.005486
0.005531
0.005569
0.005594
0.00561
0.005615
0.005611
0.005603
0.005601
0.005604
0.005621
0.005652
0.00569
0.005718
0.005737
0.005732
0.0057
0.005643
0.005572
0.005506
0.005454
0.005425
0.005415
0.005425
0.005448
0.005475
0.005513
0.005566
0.005634
0.005704
0.00576
0.005791
0.00579
0.005766
0.005719
0.005659
0.005599
0.005538
0.005484
0.005434
0.005397
0.005378
0.005384
0.005424
0.005485
0.005556
0.005622
0.005676
0.005707
0.005709
0.00568
0.005626
0.005558
0.005515
0.005509
0.005542
0.005595
0.005635
0.005646
0.005636
0.005628
0.005625
0.005626
0.005602
0.005548
0.005472
0.00541
0.005397
0.005422
0.005475
0.005528
0.005565
0.005592
0.005603
0.005611
0.005617
0.005621
0.005625
0.005628
0.005626
0.005614
0.005599
0.005584
0.005573
0.005566
0.005562
0.005555
0.005554
0.005548
0.005546
0.005553
0.005567
0.005592
0.005615
0.005622
0.005615
0.005595
0.005564
0.005533
0.005505
0.005479
0.00546
0.005459
0.005478
0.005516
0.005563
0.005609
0.005633
0.005641
0.005644
0.00565
0.005668
0.005688
0.005704
0.0057
0.005683
0.005651
0.005612
0.005578
0.005555
0.005539
0.005538
0.00555
0.005557
0.005553
0.005537
0.005509
0.005485
0.005477
0.005489
0.005525
0.005573
0.005616
0.005644
0.005649
0.005641
0.005627
0.005612
0.005603
0.005599
0.005584
0.005559
0.005502
0.005413
0.005313
0.005248
0.005264
0.005356
0.005477
0.005586
0.005679
0.005752
0.005797
0.005815
0.00581
0.005788
0.005753
0.00571
0.005667
0.00562
0.00557
0.005533
0.005513
0.005521
0.005558
0.0056
0.005634
0.005647
0.005629
0.005581
0.005519
0.005451
0.005407
0.005389
0.005398
0.005426
0.005458
0.005478
0.005481
0.005467
0.005447
0.005431
0.005434
0.005457
0.005491
0.005519
0.00554
0.005556
0.005579
0.005611
0.005643
0.005662
0.005658
0.00563
0.005597
0.005573
0.00557
0.005587
0.00562
0.005644
0.005657
0.005652
0.005635
0.005612
0.005581
0.005546
0.0055
0.005442
0.005382
0.005339
0.005316
0.005319
0.005341
0.005371
0.005405
0.00544
0.005479
0.00552
0.005558
0.00559
0.005616
0.005627
0.005636
0.005634
0.005629
0.005612
0.005593
0.00558
0.00557
0.005548
0.005511
0.005458
0.005403
0.005356
0.005336
0.005349
0.005391
0.005455
0.005531
0.005603
0.005656
0.005686
0.005678
0.005644
0.005597
0.005547
0.005517
0.005515
0.00553
0.005547
0.005554
0.005542
0.005515
0.005486
0.005461
0.005449
0.005448
0.005456
0.00547
0.005488
0.005515
0.005546
0.005581
0.005611
0.005619
0.005597
0.00556
0.005546
0.00557
0.005625
0.00568
0.005714
0.005717
0.005692
0.005641
0.005565
0.005488
0.005439
0.005453
0.005512
0.005584
0.005635
0.005661
0.00567
0.005672
0.005681
0.005689
0.005683
0.005669
0.00563
0.005553
0.005431
0.005329
0.005322
0.005424
0.005576
0.005677
0.005705
0.00568
0.005649
0.00565
0.005682
0.005732
0.005773
0.005777
0.005739
0.005653
0.005538
0.005409
0.005297
0.005224
0.005204
0.005235
0.005304
0.005395
0.005485
0.005556
0.005599
0.005614
0.005596
0.005563
0.00552
0.005478
0.005446
0.005426
0.005422
0.00544
0.005472
0.005497
0.00552
0.005523
0.005512
0.0055
0.005492
0.005496
0.005507
0.005528
0.005541
0.005536
0.005515
0.005485
0.005464
0.005467
0.005499
0.005556
0.005625
0.005685
0.005718
0.005699
0.005626
0.005517
0.005403
0.005321
0.005289
0.005308
0.00536
0.00542
0.005463
0.005485
0.005485
0.005471
0.005463
0.005468
0.005489
0.005524
0.005568
0.005609
0.005637
0.005641
0.005625
0.00559
0.00555
0.00551
0.005485
0.005472
0.005471
0.005477
0.005474
0.005447
0.00539
0.005308
0.005225
0.005188
0.005249
0.005401
0.005583
0.00572
0.005785
0.005792
0.005758
0.00571
0.005663
0.005622
0.005599
0.005596
0.00561
0.005637
0.005663
0.005686
0.005701
0.00569
0.005644
0.005564
0.005448
0.005335
0.005263
0.005264
0.005331
0.005444
0.005559
0.005645
0.005693
0.005706
0.005691
0.005668
0.005646
0.005624
0.005599
0.005565
0.005519
0.005465
0.005413
0.005375
0.005356
0.005356
0.005377
0.005403
0.005433
0.005455
0.00547
0.005485
0.005496
0.005517
0.005546
0.005589
0.005638
0.00568
0.005703
0.005698
0.005659
0.005595
0.00553
0.005483
0.00546
0.005463
0.005471
0.005464
0.005427
0.005363
0.005292
0.005239
0.005228
0.005272
0.005367
0.005481
0.005591
0.00568
0.005751
0.005792
0.005808
0.005797
0.005763
0.005704
0.005625
0.005534
0.005445
0.005384
0.005356
0.005367
0.005399
0.005434
0.005451
0.005442
0.005408
0.005374
0.005353
0.005359
0.005394
0.005447
0.005504
0.005555
0.0056
0.005637
0.00567
0.005686
0.005677
0.005646
0.005593
0.005532
0.005478
0.005439
0.005421
0.005428
0.005463
0.005519
0.005585
0.005653
0.005708
0.005729
0.005698
0.005599
0.005449
0.005318
0.005293
0.005418
0.005647
0.005869
0.005995
0.005986
0.00586
0.005681
0.005519
0.00544
0.005451
0.005511
0.005572
0.005619
0.005638
0.005641
0.005636
0.005619
0.005598
0.005585
0.005572
0.005555
0.005536
0.005506
0.005467
0.005422
0.005381
0.005357
0.005367
0.005411
0.005485
0.005567
0.005634
0.005675
0.005674
0.005639
0.005575
0.005513
0.005467
0.005448
0.005449
0.005464
0.005485
0.005502
0.005511
0.005509
0.005506
0.005495
0.005491
0.005483
0.005487
0.005483
0.005476
0.005464
0.005447
0.005447
0.005472
0.005517
0.005565
0.005611
0.005646
0.005668
0.005682
0.00568
0.005654
0.005601
0.005523
0.005429
0.005341
0.005279
0.005263
0.005297
0.005374
0.005471
0.005569
0.005653
0.005705
0.005727
0.005724
0.00571
0.005693
0.005675
0.005655
0.005617
0.005566
0.005505
0.005444
0.005396
0.005369
0.005361
0.005371
0.005386
0.005403
0.005427
0.005475
0.005546
0.005629
0.005699
0.005727
0.005714
0.005668
0.005596
0.005514
0.005437
0.005384
0.005356
0.005354
0.005376
0.005414
0.005459
0.005506
0.005543
0.005574
0.005587
0.005584
0.005553
0.005498
0.005422
0.005347
0.005285
0.005259
0.005273
0.00532
0.005378
0.005428
0.005462
0.005469
0.00547
0.00548
0.005501
0.005527
0.005552
0.005555
0.005551
0.005542
0.005533
0.005527
0.005505
0.005458
0.005391
0.005317
0.00526
0.005241
0.005266
0.005326
0.005404
0.005479
0.005537
0.00558
0.0056
0.0056
0.005596
0.005586
0.005586
0.005594
0.005609
0.005623
0.005628
0.005602
0.005543
0.005456
0.005353
0.005259
0.005209
0.005224
0.005292
0.005388
0.005483
0.005538
0.005553
0.005538
0.00551
0.005494
0.005496
0.005525
0.005568
0.005609
0.005636
0.005645
0.005628
0.005602
0.00556
0.005515
0.00547
0.005425
0.005384
0.005353
0.005339
0.005349
0.005372
0.005408
0.005444
0.005461
0.005462
0.005447
0.005434
0.005432
0.005449
0.005472
0.005491
0.005492
0.005478
0.005455
0.005432
0.005422
0.005427
0.00544
0.005457
0.00547
0.005473
0.005469
0.005451
0.005427
0.005403
0.005388
0.005381
0.005386
0.005398
0.005415
0.005437
0.005464
0.005496
0.005526
0.005548
0.00555
0.005536
0.00552
0.005518
0.005536
0.005564
0.005588
0.005598
0.005587
0.005558
0.005508
0.005453
0.005413
0.005405
0.005429
0.005488
0.005571
0.005657
0.005728
0.005759
0.005744
0.005692
0.005631
0.005583
0.005556
0.005542
0.005533
0.005514
0.00549
0.005458
0.005444
0.005465
0.005518
0.00559
0.005667
0.005722
0.005749
0.005744
0.005703
0.005646
0.005581
0.005509
0.005442
0.005373
0.005321
0.005284
0.005288
0.005329
0.005394
0.005478
0.00556
0.005625
0.005676
0.005709
0.005724
0.005728
0.005718
0.005693
0.00565
0.005588
0.005515
0.005445
0.005393
0.005386
0.005419
0.00547
0.005506
0.005521
0.00551
0.005483
0.005452
0.005423
0.005407
0.005413
0.005436
0.005456
0.005465
0.005467
0.005474
0.005496
0.005538
0.00559
0.005647
0.005689
0.005707
0.005696
0.005655
0.005579
0.005473
0.00536
0.005253
0.005178
0.005157
0.005191
0.005271
0.005362
0.005446
0.005509
0.005554
0.005589
0.00562
0.005655
0.005689
0.005714
0.005724
0.005709
0.00567
0.0056
0.005513
0.005431
0.005383
0.005393
0.005444
0.00553
0.005619
0.005692
0.00573
0.005735
0.005705
0.005649
0.00557
0.005485
0.005404
0.005332
0.005282
0.005258
0.005258
0.005282
0.005332
0.005394
0.005468
0.005541
0.005599
0.00564
0.005668
0.005699
0.005732
0.00576
0.005777
0.005773
0.005741
0.005682
0.005603
0.005518
0.005444
0.005391
0.005365
0.005354
0.005359
0.00539
0.005453
0.005545
0.005646
0.005734
0.005787
0.005804
0.005801
0.005778
0.00574
0.005691
0.00563
0.005557
0.005477
0.005396
0.005337
0.005303
0.005306
0.005338
0.005377
0.005418
0.005451
0.005473
0.005491
0.005514
0.005545
0.005579
0.00561
0.005627
0.005629
0.00562
0.005602
0.00559
0.005581
0.005578
0.005565
0.005538
0.005481
0.005407
0.005358
0.005367
0.005433
0.005512
0.005567
0.005574
0.005535
0.005465
0.005393
0.005362
0.005392
0.005459
0.005539
0.005602
0.00564
0.005648
0.005632
0.005599
0.005565
0.005528
0.005491
0.005459
0.005438
0.005446
0.005477
0.005532
0.005591
0.005646
0.005675
0.005674
0.00564
0.005584
0.005528
0.005492
0.005479
0.005491
0.005512
0.005531
0.005538
0.005532
0.005506
0.00547
0.005439
0.005435
0.005468
0.005527
0.005589
0.005644
0.005685
0.005712
0.005714
0.005687
0.00565
0.005616
0.005602
0.005606
0.005602
0.005575
0.005515
0.005442
0.00538
0.005348
0.005356
0.0054
0.005472
0.005551
0.005625
0.005689
0.005734
0.005755
0.005742
0.0057
0.005621
0.00552
0.005411
0.005323
0.005287
0.005316
0.005398
0.005524
0.005658
0.005771
0.005835
0.005848
0.005819
0.005761
0.005697
0.005634
0.005565
0.005501
0.005449
0.005425
0.005443
0.005496
0.005558
0.005606
0.005641
0.005662
0.005673
0.005674
0.005654
0.005614
0.005546
0.005457
0.005377
0.00533
0.005332
0.005385
0.005463
0.005539
0.0056
0.005637
0.005658
0.005667
0.005669
0.005668
0.005668
0.00566
0.005644
0.005617
0.005571
0.005504
0.005442
0.005387
0.005357
0.005358
0.005374
0.005402
0.005423
0.005436
0.005448
0.005465
0.005498
0.005546
0.005611
0.005679
0.005743
0.005789
0.005814
0.005811
0.005784
0.005732
0.005657
0.005573
0.005495
0.005435
0.0054
0.005394
0.005413
0.005443
0.005471
0.005492
0.005508
0.005522
0.005528
0.00553
0.005524
0.005514
0.005516
0.005538
0.005574
0.005621
0.005669
0.005702
0.005714
0.005707
0.005691
0.005672
0.00565
0.005624
0.00559
0.005544
0.005496
0.005458
0.005428
0.00542
0.005426
0.005453
0.005485
0.005513
0.005532
0.005542
0.005545
0.005553
0.005568
0.00558
0.005594
0.005608
0.005615
0.00561
0.005586
0.005549
0.005498
0.005442
0.00539
0.005355
0.005346
0.005365
0.005418
0.005493
0.00557
0.005642
0.005692
0.005716
0.005716
0.005697
0.005681
0.005674
0.005662
0.005635
0.005584
0.005501
0.005405
0.005331
0.005295
0.005317
0.005382
0.005479
0.00558
0.005666
0.005733
0.005767
0.005771
0.005753
0.005713
0.005658
0.005596
0.005531
0.005475
0.005439
0.005422
0.005428
0.005444
0.005473
0.005513
0.005573
0.005646
0.005719
0.00577
0.005781
0.005756
0.005706
0.005654
0.005617
0.005616
0.005648
0.005699
0.00574
0.005757
0.005733
0.005675
0.005589
0.005507
0.005439
0.005404
0.0054
0.005437
0.005491
0.005548
0.005599
0.005636
0.005657
0.005672
0.00568
0.005683
0.005686
0.005685
0.005692
0.005697
0.005704
0.005702
0.005687
0.005656
0.005607
0.005543
0.005479
0.005425
0.00539
0.005383
0.005415
0.005472
0.00554
0.005612
0.005679
0.005725
0.005749
0.005739
0.005698
0.00563
0.005545
0.005462
0.005404
0.005385
0.005408
0.005468
0.005547
0.00563
0.005705
0.005756
0.005777
0.005759
0.005715
0.005651
0.00558
0.005513
0.005459
0.005429
0.005429
0.005453
0.005491
0.005535
0.005554
0.005553
0.005533
0.005509
0.005504
0.005531
0.005571
0.005614
0.005639
0.005634
0.005611
0.005587
0.005578
0.005589
0.005612
0.005645
0.005665
0.005673
0.005652
0.005609
0.005543
0.005477
0.005439
0.005442
0.005473
0.005509
0.00554
0.005558
0.005563
0.005564
0.00556
0.005553
0.005547
0.005536
0.005528
0.005522
0.005518
0.005521
0.005531
0.005541
0.005547
0.005537
0.005514
0.005487
0.005481
0.005509
0.005564
0.005634
0.005694
0.005727
0.005732
0.005712
0.005672
0.005629
0.005586
0.005548
0.005514
0.005483
0.005467
0.005476
0.005509
0.005559
0.005618
0.005666
0.005695
0.005693
0.005657
0.005595
0.005536
0.0055
0.005494
0.005499
0.005494
0.005468
0.005435
0.005405
0.005391
0.005406
0.005442
0.005494
0.005543
0.00558
0.005594
0.005573
0.005523
0.00547
0.005458
0.005504
0.005599
0.005715
0.005811
0.00587
0.005887
0.005862
0.005818
0.00576
0.005696
0.005636
0.005582
0.005535
0.005492
0.005445
0.005394
0.00534
0.005304
0.005303
0.005338
0.005401
0.00548
0.005556
0.005628
0.005681
0.005719
0.005741
0.005757
0.005768
0.005766
0.005747
0.005716
0.005675
0.005625
0.00557
0.005511
0.005444
0.005377
0.005319
0.005281
0.005267
0.005292
0.005362
0.005469
0.005594
0.00571
0.005797
0.005846
0.005849
0.005819
0.005765
0.005698
0.005632
0.005562
0.005495
0.005441
0.005404
0.005401
0.005429
0.005468
0.005515
0.005554
0.005588
0.005623
0.005661
0.0057
0.00573
0.005738
0.005709
0.005645
0.005566
0.005507
0.005487
0.005507
0.005546
0.005587
0.005616
0.005635
0.005659
0.005698
0.005742
0.005776
0.005788
0.005769
0.005721
0.005644
0.005557
0.005481
0.005438
0.00543
0.005447
0.005468
0.005481
0.00549
0.005502
0.005515
0.005543
0.005584
0.005631
0.005678
0.005713
0.005736
0.005742
0.005722
0.005681
0.005621
0.005541
0.005465
0.005405
0.005377
0.005378
0.005395
0.005418
0.005445
0.005484
0.005529
0.005576
0.005619
0.005657
0.005681
0.005693
0.005695
0.005687
0.005665
0.005634
0.005595
0.005545
0.005496
0.005445
0.0054
0.005375
0.00537
0.005381
0.005399
0.005418
0.005429
0.005434
0.005433
0.005436
0.005452
0.005485
0.005531
0.005588
0.005647
0.005696
0.00573
0.005743
0.005731
0.005706
0.005667
0.005619
0.005572
0.005532
0.005498
0.005481
0.005473
0.005472
0.005473
0.005479
0.005492
0.005516
0.005549
0.005587
0.005622
0.005653
0.005666
0.005649
0.005601
0.005528
0.005452
0.0054
0.005402
0.005465
0.005572
0.005678
0.005759
0.005791
0.005772
0.005714
0.005634
0.005552
0.005488
0.005461
0.005473
0.005516
0.005577
0.005636
0.005693
0.005742
0.005782
0.005798
0.00578
0.005727
0.005641
0.005548
0.005466
0.005425
0.005433
0.005482
0.005543
0.005602
0.005646
0.005677
0.0057
0.005723
0.005737
0.005733
0.005712
0.005663
0.005605
0.005542
0.005487
0.005454
0.005437
0.005441
0.005459
0.005495
0.005543
0.005599
0.005653
0.005696
0.005721
0.005731
0.005718
0.005693
0.005643
0.005582
0.005518
0.005466
0.005449
0.005471
0.005527
0.005597
0.005655
0.005688
0.005684
0.005659
0.005611
0.005547
0.005488
0.005434
0.005404
0.0054
0.005431
0.005489
0.005559
0.005628
0.005684
0.005728
0.005747
0.005741
0.005705
0.005643
0.005567
0.005497
0.005449
0.005431
0.005435
0.005452
0.00548
0.005527
0.005589
0.00567
0.005756
0.005843
0.005923
0.005982
0.006012
0.005998
0.005922
0.005791
0.005618
0.005425
0.005259
0.005172
0.005192
0.005308
0.005471
0.005624
0.005736
0.005793
0.005804
0.005794
0.005769
0.005741
0.005712
0.00568
0.005638
0.005587
0.005534
0.005487
0.00546
0.005465
0.005494
0.005528
0.005563
0.0056
0.005648
0.005697
0.00575
0.005795
0.005826
0.005838
0.005826
0.005793
0.00574
0.005682
0.005646
0.005644
0.005679
0.005719
0.005726
0.005679
0.005594
0.005526
0.005517
0.005555
0.005611
0.005654
0.005688
0.005711
0.005717
0.005708
0.00569
0.005661
0.00563
0.005599
0.005577
0.005553
0.005524
0.005496
0.005487
0.005501
0.005545
0.005609
0.005675
0.00572
0.005742
0.005737
0.005712
0.005677
0.005636
0.005599
0.005574
0.005562
0.005563
0.005574
0.00559
0.005594
0.005587
0.005567
0.00555
0.005543
0.005566
0.005615
0.005675
0.00572
0.005739
0.005712
0.005651
0.005578
0.005519
0.005495
0.005523
0.005587
0.005676
0.005758
0.005804
0.005806
0.005762
0.005689
0.005599
0.005519
0.005468
0.005471
0.005526
0.005607
0.005693
0.00576
0.005798
0.005815
0.005807
0.005792
0.005764
0.005719
0.005648
0.005548
0.005442
0.005358
0.005349
0.005422
0.005549
0.005678
0.005768
0.005809
0.00582
0.005808
0.005789
0.00577
0.005747
0.005711
0.005668
0.00562
0.00558
0.005556
0.005559
0.005577
0.005607
0.005632
0.005645
0.005627
0.00558
0.005523
0.00547
0.005444
0.005458
0.00551
0.00559
0.005673
0.005751
0.005802
0.005833
0.005841
0.005829
0.005798
0.00574
0.005673
0.005611
0.005561
0.005532
0.005515
0.005502
0.005493
0.005501
0.005537
0.005596
0.005669
0.00574
0.005808
0.005851
0.005848
0.005799
0.00573
0.005669
0.00562
0.005591
0.005582
0.005619
0.005704
0.005786
0.005825
0.005803
0.005738
0.005649
0.005563
0.005496
0.005458
0.005444
0.005447
0.005469
0.005524
0.005618
0.00573
0.005829
0.005886
0.005902
0.005869
0.005815
0.005751
0.005686
0.005626
0.00558
0.005551
0.005542
0.005555
0.005582
0.005615
0.005646
0.005664
0.00567
0.005667
0.005663
0.00567
0.00569
0.005715
0.005716
0.005674
0.005603
0.005537
0.005501
0.00551
0.005538
0.005579
0.005639
0.005714
0.005795
0.005859
0.005888
0.005871
0.005801
0.005711
0.005641
0.005608
0.005612
0.005625
0.005629
0.005624
0.005612
0.005603
0.005602
0.005603
0.005604
0.005606
0.005604
0.005591
0.005565
0.005533
0.005506
0.0055
0.005527
0.005573
0.005622
0.005653
0.005659
0.00564
0.005615
0.005584
0.005564
0.005559
0.005569
0.005586
0.005609
0.005634
0.005647
0.005643
0.005627
0.005593
0.005552
0.005513
0.005485
0.00547
0.005466
0.005469
0.005478
0.00549
0.005512
0.005556
0.005614
0.005685
0.005748
0.005797
0.005803
0.005769
0.005695
0.005595
0.005497
0.005422
0.005394
0.005407
0.005454
0.005513
0.005575
0.005616
0.005638
0.005632
0.005612
0.005588
0.005562
0.005543
0.00554
0.005548
0.005571
0.005605
0.005649
0.005695
0.005738
0.005766
0.005768
0.005745
0.0057
0.005634
0.005561
0.005503
0.005476
0.005485
0.005514
0.005542
0.005556
0.005557
0.00555
0.005552
0.005566
0.005585
0.005612
0.005631
0.005644
0.005646
0.005645
0.005648
0.005659
0.005681
0.005716
0.005743
0.005759
0.005753
0.005726
0.005688
0.005653
0.005618
0.005593
0.005581
0.005574
0.005573
0.005581
0.005582
0.005588
0.005592
0.005591
0.005587
0.005586
0.005585
0.005598
0.005617
0.005643
0.005664
0.005675
0.005677
0.005679
0.005696
0.005725
0.005759
0.005781
0.005784
0.005754
0.005698
0.005628
0.005558
0.005511
0.005493
0.005512
0.005567
0.005643
0.005728
0.0058
0.005852
0.005873
0.005856
0.005794
0.005693
0.00557
0.005457
0.005391
0.005399
0.00549
0.005636
0.005799
0.005936
0.006013
0.006015
0.005945
0.005843
0.005745
0.005698
0.005707
0.005748
0.005782
0.005777
0.005717
0.005602
0.005471
0.005382
0.005375
0.00544
0.005531
0.005616
0.005683
0.005736
0.005774
0.005785
0.005767
0.005714
0.005628
0.005531
0.005455
0.005417
0.005427
0.005475
0.005538
0.005603
0.005658
0.005703
0.005724
0.005725
0.005712
0.005698
0.005685
0.005686
0.005695
0.005701
0.005681
0.005642
0.005586
0.00555
0.005556
0.005605
0.005681
0.005755
0.005805
0.005806
0.005754
0.005662
0.005553
0.005466
0.005437
0.005456
0.005511
0.005559
0.005585
0.005594
0.005612
0.005647
0.005699
0.005751
0.005788
0.005803
0.005798
0.005769
0.00572
0.005658
0.005597
0.005541
0.005493
0.005446
0.005412
0.005382
0.005378
0.005397
0.005443
0.005504
0.005569
0.005622
0.005648
0.005646
0.005619
0.005595
0.005603
0.005648
0.005706
0.005747
0.005759
0.005752
0.00574
0.005729
0.005715
0.005693
0.005651
0.005589
0.005504
0.005424
0.005363
0.005342
0.005355
0.005399
0.005457
0.005515
0.005564
0.00559
0.005602
0.005605
0.005603
0.005595
0.005586
0.005575
0.005566
0.005564
0.005566
0.005578
0.005595
0.005615
0.005638
0.005649
0.005647
0.005631
0.005604
0.005555
0.005503
0.005452
0.00541
0.005384
0.005377
0.005392
0.005431
0.00549
0.005549
0.005604
0.005646
0.005681
0.005707
0.005723
0.005717
0.005697
0.005657
0.0056
0.005541
0.005496
0.00547
0.005468
0.005482
0.005501
0.005516
0.005526
0.005529
0.005531
0.005536
0.005548
0.005566
0.005592
0.005621
0.005644
0.005647
0.005631
0.005588
0.005531
0.005475
0.005442
0.005448
0.005491
0.005559
0.005626
0.005684
0.005718
0.005732
0.005725
0.005701
0.005662
0.005619
0.005578
0.005555
0.005535
0.005522
0.005508
0.005497
0.0055
0.005528
0.005578
0.005637
0.005698
0.005758
0.005802
0.005822
0.005796
0.005728
0.005632
0.005545
0.005504
0.005514
0.005549
0.005581
0.005598
0.005607
0.005607
0.005618
0.005638
0.005672
0.005717
0.005763
0.005794
0.005798
0.005765
0.005695
0.005604
0.005509
0.005438
0.0054
0.005395
0.005422
0.005456
0.005495
0.005532
0.005567
0.005598
0.005627
0.005649
0.005664
0.005669
0.005668
0.005658
0.005638
0.005609
0.005578
0.005542
0.005513
0.005492
0.005488
0.005502
0.005527
0.005565
0.005603
0.005634
0.005656
0.005666
0.005673
0.005676
0.005673
0.005661
0.005641
0.005606
0.005557
0.0055
0.005443
0.005407
0.005401
0.005435
0.005503
0.005582
0.005656
0.005706
0.005726
0.005718
0.005684
0.005641
0.00559
0.005554
0.00554
0.005547
0.005567
0.005597
0.005615
0.005613
0.005595
0.005569
0.005547
0.005551
0.005572
0.005607
0.005648
0.005684
0.005706
0.005708
0.005702
0.005685
0.005659
0.005628
0.0056
0.00558
0.005574
0.005584
0.005606
0.00562
0.005631
0.005632
0.005624
0.005616
0.005615
0.005615
0.005621
0.005629
0.005633
0.005627
0.005612
0.005597
0.005579
0.005571
0.005576
0.005597
0.005625
0.005649
0.005662
0.00566
0.005643
0.005617
0.00559
0.005561
0.005542
0.005544
0.005555
0.005581
0.005621
0.00566
0.00569
0.005705
0.005701
0.005689
0.005677
0.005672
0.005665
0.005656
0.005633
0.005596
0.005547
0.0055
0.00547
0.005471
0.005493
0.005536
0.005589
0.005641
0.005681
0.005707
0.005716
0.005705
0.005666
0.005599
0.005521
0.005446
0.00541
0.005407
0.005421
0.005437
0.005451
0.00546
0.005471
0.005487
0.005509
0.005548
0.005599
0.005658
0.005712
0.005754
0.005787
0.005807
0.005814
0.005804
0.005784
0.005751
0.0057
0.005632
0.005556
0.005483
0.005434
0.005424
0.005438
0.005469
0.005521
0.005574
0.005633
0.005687
0.005726
0.00575
0.005761
0.005754
0.005749
0.005745
0.005748
0.005744
0.005712
0.005652
0.005571
0.005489
0.00543
0.005406
0.005409
0.005433
0.005463
0.005503
0.00555
0.005599
0.005649
0.005691
0.005721
0.005727
0.005709
0.005675
0.005636
0.005608
0.005599
0.005609
0.005634
0.00565
0.00565
0.005637
0.005622
0.005611
0.005613
0.005631
0.005654
0.005671
0.005667
0.005643
0.005594
0.005534
0.005478
0.005451
0.005469
0.005531
0.005613
0.005678
0.00571
0.005713
0.005697
0.005677
0.005663
0.00566
0.005661
0.005659
0.00565
0.00564
0.005623
0.005615
0.005623
0.005642
0.005667
0.005689
0.005701
0.005693
0.005662
0.005611
0.005542
0.005458
0.005379
0.005314
0.005291
0.005318
0.005382
0.005465
0.005544
0.005606
0.005644
0.005666
0.005682
0.0057
0.005723
0.005748
0.005765
0.005772
0.005768
0.005747
0.005712
0.005668
0.005622
0.005588
0.005569
0.005558
0.005548
0.005535
0.005516
0.005496
0.005492
0.005514
0.005551
0.005592
0.005631
0.005662
0.005685
0.005697
0.0057
0.005693
0.005679
0.005658
0.005635
0.005608
0.005581
0.005561
0.005552
0.005555
0.005573
0.0056
0.005631
0.005659
0.005678
0.005678
0.005664
0.005643
0.005618
0.005606
0.005605
0.005612
0.005617
0.00561
0.005596
0.005582
0.005574
0.005576
0.005587
0.005604
0.005616
0.005633
0.005653
0.005676
0.005711
0.005748
0.005782
0.005809
0.005816
0.005798
0.005763
0.005719
0.005675
0.005641
0.005609
0.005581
0.005549
0.00553
0.005548
0.005611
0.005688
0.005754
0.005789
0.005793
0.005771
0.005735
0.005704
0.005686
0.005686
0.005702
0.005733
0.005768
0.005794
0.005801
0.005769
0.005703
0.005615
0.005535
0.005499
0.005524
0.00559
0.005664
0.005731
0.005777
0.005803
0.005817
0.005815
0.005802
0.005778
0.005754
0.005734
0.005721
0.005721
0.005719
0.005723
0.005719
0.005706
0.005681
0.005652
0.005622
0.005594
0.005569
0.005538
0.005514
0.005507
0.005538
0.005602
0.005688
0.005758
0.005794
0.005787
0.005748
0.00569
0.005624
0.005562
0.005512
0.005489
0.005495
0.005535
0.005608
0.005691
0.005772
0.005833
0.005864
0.005858
0.005834
0.005803
0.005767
0.005729
0.005693
0.005655
0.005612
0.005569
0.005535
0.005512
0.005507
0.005525
0.005563
0.005619
0.00568
0.005737
0.005774
0.005782
0.005761
0.005715
0.005665
0.00563
0.00563
0.005657
0.005697
0.005738
0.005759
0.005761
0.005743
0.005724
0.005705
0.005691
0.005683
0.00568
0.005675
0.005673
0.005673
0.005669
0.00566
0.005648
0.005646
0.005643
0.005636
0.005635
0.005641
0.005661
0.005701
0.005768
0.005852
0.005937
0.006002
0.006038
0.006019
0.005938
0.005805
0.005648
0.005535
0.005544
0.005667
0.005799
0.005843
0.005792
0.005697
0.005631
0.005612
0.00563
0.005666
0.005712
0.00576
0.005806
0.005839
0.005848
0.005828
0.005774
0.005704
0.005629
0.005556
0.005509
0.00549
0.005507
0.005556
0.005625
0.005704
0.005781
0.005849
0.005896
0.005925
0.005933
0.005923
0.005889
0.005834
0.005761
0.005685
0.005621
0.005582
0.005567
0.005572
0.005593
0.005622
0.005655
0.005689
0.005728
0.005764
0.005789
0.005789
0.00575
0.005682
0.005611
0.005569
0.005579
0.005631
0.005695
0.005753
0.005806
0.005853
0.005895
0.005927
0.00592
0.005844
0.005701
0.005538
0.005461
0.005537
0.005729
0.005932
0.006059
0.006092
0.006048
0.005951
0.005828
0.005718
0.005646
0.005626
0.005653
0.005704
0.005748
0.005771
0.005767
0.005734
0.005683
0.005637
0.005602
0.005588
0.005588
0.00561
0.005652
0.005707
0.005763
0.005807
0.005824
0.005814
0.005785
0.005742
0.005692
0.005642
0.00559
0.005556
0.005547
0.00556
0.005594
0.005632
0.005669
0.005699
0.005717
0.005727
0.005727
0.005714
0.005688
0.005651
0.005602
0.005544
0.005485
0.005446
0.005447
0.005488
0.005562
0.005645
0.005714
0.005756
0.00577
0.005766
0.005744
0.005725
0.005705
0.005692
0.005682
0.005667
0.005648
0.005618
0.005588
0.005552
0.005528
0.005514
0.005521
0.005534
0.005548
0.005558
0.005567
0.005584
0.005619
0.005663
0.005703
0.005739
0.005768
0.005793
0.005811
0.005823
0.005825
0.005821
0.005801
0.005768
0.005727
0.005683
0.005634
0.005591
0.005557
0.005532
0.005532
0.005542
0.005563
0.005595
0.005623
0.005651
0.00568
0.005711
0.005738
0.005763
0.005786
0.005791
0.005782
0.005758
0.005724
0.005692
0.005668
0.005665
0.00567
0.00568
0.00568
0.005665
0.005633
0.005595
0.005557
0.005536
0.005534
0.00556
0.005606
0.005668
0.005736
0.005801
0.005849
0.005876
0.005888
0.005879
0.005847
0.005792
0.005726
0.005666
0.005616
0.005593
0.005592
0.005619
0.005665
0.005714
0.005752
0.005758
0.005734
0.005696
0.005681
0.0057
0.005739
0.005771
0.005781
0.005773
0.00577
0.005791
0.005839
0.005897
0.0059
0.0058
0.005622
0.005486
0.005513
0.005658
0.00579
0.005843
0.005826
0.005784
0.005747
0.005729
0.005723
0.005731
0.005742
0.005754
0.005765
0.005782
0.005798
0.005808
0.005801
0.005767
0.005702
0.005617
0.005527
0.005462
0.005449
0.005502
0.005612
0.00575
0.005888
0.005992
0.00605
0.006051
0.005985
0.005859
0.005701
0.005573
0.005542
0.005608
0.00572
0.005809
0.005846
0.005832
0.00579
0.00574
0.005697
0.00566
0.00563
0.005616
0.005616
0.005635
0.005664
0.005699
0.005734
0.005759
0.005775
0.005779
0.00576
0.005726
0.005672
0.005605
0.005532
0.00547
0.005437
0.005449
0.005502
0.005583
0.005679
0.00577
0.005836
0.005875
0.005893
0.00589
0.005869
0.00584
0.005791
0.005726
0.00565
0.005572
0.005511
0.005471
0.005475
0.005515
0.005583
0.005661
0.005721
0.005762
0.00577
0.00576
0.005756
0.005775
0.005806
0.005845
0.005885
0.005916
0.005927
0.005878
0.005747
0.005613
0.005601
0.005733
0.00588
0.005925
0.005874
0.00579
0.005731
0.005713
0.005723
0.005734
0.005735
0.005728
0.005717
0.005714
0.00572
0.005731
0.005738
0.005729
0.005696
0.005636
0.005557
0.005492
0.00547
0.005513
0.005608
0.005725
0.005822
0.005882
0.00589
0.005862
0.005815
0.005768
0.005734
0.005718
0.00571
0.005699
0.005666
0.005619
0.005569
0.005528
0.005517
0.005541
0.005589
0.005653
0.005716
0.005771
0.005814
0.00584
0.005843
0.005835
0.005819
0.005815
0.005818
0.005823
0.005823
0.00581
0.005787
0.005755
0.005711
0.005668
0.005634
0.00561
0.005596
0.005597
0.005602
0.005614
0.005636
0.005667
0.005704
0.005738
0.00575
0.00574
0.005715
0.00568
0.005657
0.005654
0.00567
0.005708
0.00576
0.005817
0.005871
0.005915
0.005939
0.00594
0.005903
0.005833
0.005735
0.005632
0.00554
0.005479
0.005472
0.005537
0.005669
0.005823
0.005957
0.006039
0.006063
0.006032
0.005962
0.005884
0.005815
0.005765
0.005745
0.005754
0.005783
0.005816
0.005844
0.00585
0.005836
0.005794
0.005734
0.005679
0.00565
0.005658
0.005696
0.00574
0.005788
0.005819
0.005831
0.005819
0.00578
0.00572
0.005669
0.005657
0.005675
0.005686
0.005651
0.005583
0.005528
0.005533
0.005606
0.005712
0.005808
0.00588
0.005931
0.005983
0.006026
0.006046
0.00603
0.005987
0.005933
0.00588
0.005832
0.005791
0.005737
0.005672
0.005604
0.005543
0.005511
0.005529
0.005588
0.005669
0.00575
0.005811
0.00584
0.005834
0.005804
0.005757
0.005699
0.005643
0.005608
0.005603
0.00563
0.005684
0.005748
0.005808
0.005852
0.005866
0.005848
0.0058
0.005719
0.005633
0.005565
0.005536
0.005542
0.005581
0.00564
0.005717
0.005806
0.005889
0.00596
0.00601
0.006028
0.006024
0.005986
0.005928
0.005859
0.005791
0.005733
0.005692
0.005675
0.005666
0.005674
0.005693
0.005718
0.005745
0.005771
0.005783
0.005773
0.00573
0.00567
0.005609
0.005569
0.005558
0.005585
0.00563
0.005679
0.005718
0.00574
0.005752
0.005762
0.00577
0.005776
0.005777
0.005768
0.005756
0.005737
0.005717
0.005701
0.005697
0.005704
0.005722
0.005753
0.005785
0.005809
0.005827
0.005824
0.005809
0.005775
0.005726
0.005671
0.005625
0.005597
0.005604
0.005637
0.005688
0.005744
0.005789
0.005817
0.005821
0.005808
0.005783
0.005756
0.005731
0.005714
0.005709
0.00571
0.005719
0.00573
0.005745
0.005765
0.005792
0.005828
0.005878
0.005928
0.005958
0.005942
0.005874
0.00577
0.005678
0.005646
0.005663
0.005712
0.005752
0.005763
0.005755
0.005743
0.005738
0.005752
0.005778
0.005803
0.005824
0.00583
0.005833
0.005834
0.005835
0.00584
0.005847
0.005855
0.005855
0.005836
0.005795
0.005741
0.005695
0.005674
0.005686
0.005728
0.005779
0.005838
0.005894
0.005937
0.005965
0.005968
0.005941
0.005886
0.005814
0.005736
0.005666
0.005622
0.005611
0.005628
0.005663
0.005695
0.005716
0.005723
0.00572
0.005718
0.005719
0.00573
0.005745
0.005762
0.005777
0.005785
0.005787
0.005778
0.005762
0.005746
0.005736
0.005737
0.005743
0.005755
0.005757
0.005744
0.005713
0.005671
0.005631
0.005596
0.005577
0.005571
0.005577
0.005592
0.005609
0.005626
0.005639
0.005657
0.005671
0.005693
0.005718
0.005752
0.005787
0.005824
0.005855
0.005882
0.005907
0.005923
0.005923
0.005907
0.005873
0.005827
0.00577
0.005715
0.005671
0.005648
0.005634
0.005633
0.005641
0.005651
0.005664
0.005678
0.005689
0.005691
0.005688
0.005676
0.005671
0.005694
0.005757
0.00585
0.005958
0.006041
0.006066
0.006027
0.00594
0.005832
0.005741
0.005695
0.005692
0.005706
0.005725
0.005742
0.005758
0.005775
0.005792
0.005805
0.005815
0.005819
0.00582
0.005816
0.005812
0.005803
0.005792
0.005786
0.005788
0.005787
0.005779
0.005752
0.005703
0.005637
0.005574
0.005543
0.005551
0.005581
0.005611
0.005628
0.005636
0.005646
0.005666
0.005704
0.005758
0.005823
0.005884
0.005926
0.005948
0.005947
0.005912
0.005848
0.005768
0.005687
0.005617
0.005574
0.005554
0.005559
0.005581
0.005625
0.005684
0.00575
0.005819
0.005874
0.005918
0.005941
0.005947
0.005932
0.00589
0.00582
0.005725
0.005608
0.005497
0.005422
0.005424
0.005509
0.005653
0.005801
0.005915
0.005972
0.005985
0.005951
0.005895
0.005827
0.005764
0.005714
0.005687
0.005681
0.005684
0.005693
0.00571
0.005729
0.00576
0.005795
0.005828
0.005845
0.005829
0.005777
0.005698
0.005612
0.005545
0.005522
0.005538
0.005584
0.005645
0.005697
0.005738
0.005773
0.005792
0.005813
0.00584
0.005864
0.005874
0.005858
0.00582
0.005767
0.005709
0.005663
0.005641
0.005651
0.005681
0.005715
0.005741
0.005746
0.005731
0.005699
0.005658
0.005633
0.005651
0.005724
0.005822
0.005908
0.005954
0.005949
0.005914
0.005866
0.005801
0.005741
0.005701
0.005708
0.005764
0.005844
0.00591
0.005928
0.005903
0.00585
0.005788
0.00574
0.005707
0.005682
0.005661
0.005639
0.005635
0.005648
0.005678
0.005711
0.005737
0.005749
0.005754
0.005753
0.005766
0.005792
0.00583
0.005873
0.005908
0.005929
0.005934
0.005917
0.005875
0.005813
0.005739
0.005666
0.005609
0.005586
0.005602
0.005662
0.005744
0.005821
0.005849
0.005805
0.005698
0.005596
0.005586
0.005679
0.005817
0.005931
0.005985
0.005986
0.005939
0.005868
0.005785
0.005713
0.005663
0.005644
0.005664
0.005705
0.005761
0.005814
0.005858
0.005883
0.00588
0.005852
0.005808
0.005762
0.005737
0.005737
0.005761
0.005796
0.005824
0.005834
0.00582
0.005782
0.005736
0.005686
0.005652
0.005641
0.00565
0.005665
0.005679
0.005682
0.005672
0.005649
0.005629
0.005631
0.005665
0.005726
0.005811
0.005889
0.005944
0.005967
0.005954
0.005918
0.005864
0.005805
0.005737
0.005665
0.005611
0.005603
0.00565
0.005723
0.005781
0.005798
0.00578
0.005744
0.005712
0.00569
0.005687
0.005697
0.005709
0.005723
0.005732
0.005736
0.005736
0.005737
0.005732
0.005725
0.005712
0.00569
0.005666
0.005642
0.005625
0.005616
0.00562
0.005642
0.00568
0.005731
0.005788
0.005836
0.005865
0.00587
0.005859
0.005837
0.005814
0.005796
0.005786
0.005782
0.005784
0.005789
0.005782
0.005762
0.005719
0.005663
0.005603
0.005565
0.00557
0.005629
0.005713
0.005791
0.005845
0.005868
0.005863
0.005824
0.005764
0.005697
0.005638
0.005599
0.005601
0.005635
0.005684
0.005725
0.005737
0.00572
0.005689
0.005648
0.005623
0.005627
0.005653
0.005695
0.005742
0.005785
0.005817
0.005833
0.005832
0.005816
0.005787
0.005754
0.005724
0.005709
0.005708
0.005731
0.005751
0.005761
0.00574
0.005678
0.005578
0.005473
0.00542
0.005451
0.005557
0.005685
0.00579
0.005853
0.005877
0.005883
0.005871
0.005853
0.005827
0.005802
0.005778
0.005756
0.005737
0.005721
0.00571
0.005696
0.005673
0.005648
0.00562
0.0056
0.005604
0.005639
0.005683
0.005733
0.005778
0.005822
0.005856
0.005874
0.005873
0.005846
0.005804
0.005751
0.005705
0.005665
0.005633
0.005605
0.005588
0.005591
0.005618
0.005677
0.005747
0.005813
0.005853
0.005856
0.005827
0.005779
0.005716
0.005661
0.005631
0.005617
0.005627
0.005655
0.005688
0.005721
0.005745
0.005754
0.005744
0.005722
0.005698
0.00568
0.005682
0.005705
0.005739
0.005771
0.005794
0.005795
0.005778
0.005747
0.00572
0.005713
0.005727
0.00576
0.005789
0.005798
0.005775
0.00572
0.00565
0.005599
0.005582
0.005601
0.005648
0.0057
0.005746
0.005779
0.005804
0.005821
0.005825
0.005825
0.005813
0.005791
0.005764
0.005732
0.005698
0.005666
0.005632
0.005604
0.0056
0.005621
0.005679
0.005761
0.005838
0.005876
0.005864
0.00582
0.005803
0.005837
0.005897
0.005938
0.005939
0.005906
0.005858
0.005816
0.005779
0.005752
0.005727
0.005711
0.005703
0.005701
0.005706
0.00573
0.005778
0.005847
0.005909
0.005955
0.00597
0.005945
0.00588
0.00577
0.00564
0.005519
0.005467
0.005504
0.00561
0.005738
0.005843
0.005918
0.005958
0.005969
0.005962
0.005948
0.00593
0.005913
0.005899
0.005881
0.005855
0.00582
0.00578
0.005747
0.00573
0.005729
0.005742
0.005753
0.00575
0.005728
0.005695
0.005666
0.005653
0.005669
0.00571
0.005771
0.005838
0.005897
0.00593
0.005937
0.005925
0.005908
0.005884
0.00586
0.005832
0.005795
0.005749
0.005709
0.005693
0.005702
0.00573
0.005762
0.005795
0.005821
0.005835
0.005837
0.005824
0.005792
0.005751
0.005708
0.005676
0.00567
0.005685
0.005707
0.005733
0.005747
0.005748
0.005732
0.005708
0.005681
0.005664
0.005667
0.00569
0.00573
0.005772
0.005807
0.005831
0.00584
0.005843
0.005837
0.005818
0.005791
0.005764
0.005749
0.005753
0.005771
0.005808
0.005839
0.005856
0.005847
0.005811
0.005758
0.005703
0.005656
0.00562
0.005596
0.005576
0.005552
0.005524
0.005492
0.005471
0.005479
0.005532
0.005607
0.0057
0.005787
0.005853
0.005893
0.005908
0.005908
0.005898
0.005902
0.005919
0.005932
0.005921
0.005874
0.005802
0.005729
0.005683
0.005675
0.005698
0.005728
0.005748
0.00575
0.005731
0.005704
0.005681
0.005671
0.005677
0.005704
0.005743
0.005791
0.005827
0.005844
0.005835
0.005797
0.005742
0.005683
0.005644
0.005646
0.00569
0.005756
0.005824
0.005873
0.005893
0.005882
0.005847
0.005796
0.005745
0.005706
0.005683
0.005677
0.005685
0.005704
0.005711
0.005712
0.005708
0.005711
0.005722
0.00574
0.005757
0.005757
0.005738
0.005703
0.005663
0.005656
0.005687
0.005753
0.005816
0.005871
0.005893
0.005888
0.005863
0.005825
0.005783
0.005748
0.005737
0.005762
0.005814
0.005871
0.00591
0.005919
0.005891
0.005831
0.005752
0.005687
0.005649
0.005644
0.005667
0.005706
0.005745
0.005778
0.005797
0.005802
0.005798
0.005792
0.005793
0.005809
0.005849
0.005895
0.005934
0.005946
0.005919
0.005867
0.005796
0.005738
0.005707
0.005699
0.005705
0.005708
0.005695
0.005675
0.005659
0.005673
0.005732
0.005817
0.005911
0.00598
0.006008
0.005986
0.005924
0.00584
0.00575
0.005673
0.005624
0.005608
0.005626
0.00567
0.005735
0.005805
0.005867
0.005912
0.005934
0.005925
0.005897
0.005854
0.005809
0.00577
0.005743
0.005738
0.005749
0.00577
0.005798
0.005827
0.005851
0.005868
0.005876
0.005873
0.005859
0.005838
0.005821
0.005806
0.005803
0.005797
0.00577
0.005717
0.005646
0.005593
0.005578
0.005601
0.005652
0.005711
0.005765
0.005808
0.005843
0.005865
0.005887
0.005901
0.005918
0.005934
0.005948
0.005955
0.005949
0.005927
0.005896
0.005855
0.0058
0.005743
0.005683
0.005632
0.005598
0.005587
0.005597
0.005629
0.005682
0.005753
0.005827
0.005895
0.005944
0.005964
0.005967
0.005943
0.005897
0.005838
0.005762
0.005686
0.005621
0.005578
0.005561
0.005568
0.005588
0.005622
0.00566
0.005686
0.005706
0.005724
0.005742
0.005763
0.005793
0.005831
0.005865
0.005896
0.00591
0.005913
0.0059
0.00587
0.005818
0.005746
0.005661
0.005592
0.00558
0.005639
0.005746
0.005851
0.005914
0.005913
0.005854
0.00576
0.005667
0.005606
0.00559
0.005619
0.00568
0.005747
0.005807
0.005834
0.005833
0.005801
0.005745
0.005698
0.005673
0.005675
0.005694
0.005723
0.005754
0.005782
0.005796
0.005793
0.005775
0.005752
0.005738
0.005731
0.005738
0.005756
0.005772
0.005782
0.005791
0.005796
0.005792
0.005786
0.005781
0.005775
0.005752
0.00571
0.00564
0.005565
0.005534
0.005592
0.005738
0.005905
0.006034
0.006098
0.00611
0.006079
0.006029
0.005957
0.005881
0.005809
0.005738
0.005683
0.005645
0.005625
0.005631
0.005658
0.005699
0.005741
0.00578
0.0058
0.005795
0.005769
0.005728
0.0057
0.005695
0.005715
0.005759
0.005813
0.005853
0.005881
0.005893
0.005894
0.005897
0.005902
0.005903
0.005901
0.005887
0.005855
0.005805
0.005738
0.005654
0.005573
0.005531
0.00555
0.005615
0.0057
0.005772
0.005831
0.005875
0.005903
0.005922
0.005934
0.005941
0.005938
0.005922
0.005886
0.005827
0.00576
0.005693
0.005642
0.00561
0.005605
0.00562
0.005642
0.005678
0.005725
0.005781
0.005839
0.005886
0.005908
0.005919
0.005922
0.005922
0.005914
0.005902
0.00588
0.005854
0.005824
0.00579
0.005742
0.005683
0.005619
0.005562
0.00553
0.005538
0.005585
0.005666
0.005768
0.005875
0.005971
0.006036
0.006048
0.005982
0.005856
0.005723
0.005668
0.005712
0.005801
0.005882
0.00593
0.005952
0.005948
0.005929
0.005894
0.00586
0.005833
0.005817
0.0058
0.005773
0.005739
0.005704
0.005684
0.005689
0.005728
0.005793
0.005869
0.005947
0.006009
0.006039
0.006027
0.005983
0.005916
0.005845
0.005776
0.005729
0.005708
0.005716
0.00574
0.005762
0.005771
0.005762
0.005739
0.005715
0.005707
0.005729
0.005782
0.005861
0.005948
0.006023
0.006068
0.006078
0.006052
0.006003
0.00594
0.005868
0.0058
0.005736
0.005683
0.005655
0.005656
0.005685
0.005732
0.005789
0.005837
0.005874
0.005893
0.005894
0.005877
0.005844
0.005796
0.005754
0.005737
0.005754
0.005803
0.005855
0.005885
0.00589
0.005872
0.005841
0.005803
0.005774
0.005765
0.00577
0.005786
0.005803
0.005815
0.005818
0.005811
0.005795
0.005774
0.00575
0.005728
0.005715
0.005714
0.005733
0.005764
0.005809
0.005843
0.005866
0.005868
0.005867
0.005867
0.005872
0.005867
0.005847
0.005819
0.00578
0.00574
0.005712
0.005697
0.005694
0.005705
0.005728
0.005762
0.005797
0.005831
0.005853
0.005854
0.005845
0.005826
0.0058
0.005771
0.00575
0.005741
0.005751
0.005778
0.0058
0.005809
0.005793
0.005762
0.00572
0.005691
0.005683
0.005697
0.00572
0.005739
0.005743
0.005741
0.005732
0.005729
0.005741
0.005757
0.005767
0.005763
0.005744
0.005715
0.005681
0.005654
0.005632
0.005627
0.005639
0.00567
0.005723
0.005784
0.005848
0.005905
0.005948
0.005965
0.005965
0.005945
0.005912
0.005865
0.005812
0.005751
0.005686
0.005624
0.005576
0.005546
0.005537
0.005552
0.005584
0.005636
0.005705
0.005782
0.005859
0.005916
0.005938
0.005932
0.00591
0.005888
0.005862
0.005821
0.005759
0.005688
0.005628
0.005607
0.00562
0.00565
0.005694
0.005731
0.005766
0.005798
0.00582
0.005828
0.005822
0.005802
0.005779
0.005759
0.00575
0.005753
0.005755
0.005759
0.005758
0.005757
0.005755
0.005756
0.005759
0.005759
0.00577
0.005796
0.005828
0.005856
0.005876
0.005878
0.00586
0.005816
0.005763
0.005707
0.005666
0.005649
0.005651
0.005663
0.005682
0.005699
0.005713
0.005734
0.005766
0.005807
0.005854
0.0059
0.005937
0.005954
0.005937
0.005894
0.005832
0.005769
0.005718
0.00569
0.005674
0.00566
0.005655
0.00567
0.005705
0.005764
0.005829
0.005886
0.005924
0.005932
0.00592
0.005889
0.00585
0.005823
0.005816
0.005829
0.005866
0.005912
0.005961
0.005997
0.006016
0.006009
0.005967
0.005887
0.005772
0.005643
0.00553
0.005472
0.005495
0.005577
0.005669
0.005737
0.005772
0.005794
0.005811
0.005829
0.005852
0.00587
0.005886
0.005899
0.005917
0.005943
0.005976
0.005999
0.005999
0.005957
0.005872
0.005768
0.005685
0.005654
0.00569
0.005765
0.005833
0.005869
0.005865
0.005829
0.005788
0.005762
0.005762
0.00578
0.005791
0.005782
0.005747
0.00571
0.005691
0.005698
0.005727
0.00577
0.005815
0.005851
0.005862
0.005845
0.005812
0.005779
0.00576
0.005753
0.005742
0.005722
0.005707
0.005703
0.005715
0.00574
0.005768
0.005786
0.005788
0.005785
0.005788
0.005807
0.005839
0.005866
0.005889
0.005891
0.005879
0.005847
0.005805
0.005752
0.005708
0.005679
0.00566
0.00565
0.005664
0.00571
0.005786
0.00588
0.005964
0.006005
0.005976
0.005884
0.005767
0.005694
0.00571
0.005793
0.005898
0.005976
0.006016
0.006025
0.006004
0.005951
0.005873
0.005791
0.005752
0.005788
0.005861
0.005908
0.005905
0.005861
0.005805
0.005757
0.005725
0.005706
0.005701
