-0.243065
-0.243045
-0.243017
-0.242977
-0.242932
-0.242893
-0.242868
-0.242868
-0.242887
-0.242924
-0.242963
-0.242995
-0.243015
-0.243026
-0.243036
-0.243049
-0.243051
-0.243038
-0.242993
-0.242924
-0.242844
-0.242785
-0.242756
-0.242755
-0.242775
-0.242809
-0.242837
-0.242866
-0.242902
-0.242952
-0.243012
-0.24307
-0.243112
-0.243133
-0.24313
-0.24312
-0.243105
-0.243092
-0.243078
-0.243057
-0.243022
-0.242973
-0.24292
-0.242869
-0.24283
-0.242815
-0.242824
-0.242851
-0.242876
-0.242894
-0.242907
-0.242922
-0.242942
-0.242969
-0.242996
-0.243015
-0.243014
-0.243005
-0.242995
-0.243004
-0.243048
-0.243113
-0.243185
-0.243231
-0.243222
-0.243162
-0.243073
-0.242986
-0.242933
-0.242917
-0.242934
-0.242965
-0.242993
-0.243
-0.242987
-0.242972
-0.242962
-0.242971
-0.243003
-0.243054
-0.243111
-0.243162
-0.243185
-0.24318
-0.243145
-0.243086
-0.243013
-0.24294
-0.242885
-0.242845
-0.242827
-0.242821
-0.242826
-0.24283
-0.242848
-0.242872
-0.242907
-0.242938
-0.242947
-0.242935
-0.242921
-0.242918
-0.24294
-0.242981
-0.243027
-0.243059
-0.243073
-0.243078
-0.243075
-0.243069
-0.243063
-0.243044
-0.243008
-0.242956
-0.242892
-0.242827
-0.242779
-0.242762
-0.242789
-0.24286
-0.242948
-0.243017
-0.24304
-0.24303
-0.243012
-0.242994
-0.242985
-0.242979
-0.242981
-0.242982
-0.242987
-0.242994
-0.242995
-0.242993
-0.242989
-0.242991
-0.243012
-0.24304
-0.24307
-0.24307
-0.243033
-0.242973
-0.242935
-0.242926
-0.24294
-0.242956
-0.242946
-0.24291
-0.242857
-0.242801
-0.242778
-0.24279
-0.24284
-0.24292
-0.243014
-0.243109
-0.243185
-0.24323
-0.243236
-0.243198
-0.243122
-0.243032
-0.242948
-0.242872
-0.242821
-0.24279
-0.242786
-0.242816
-0.242868
-0.242952
-0.243052
-0.243137
-0.243186
-0.243162
-0.243067
-0.242943
-0.242827
-0.242742
-0.242698
-0.242694
-0.242732
-0.242832
-0.242999
-0.24318
-0.243275
-0.24322
-0.243076
-0.242946
-0.24289
-0.242902
-0.242946
-0.243004
-0.243054
-0.243079
-0.243062
-0.243007
-0.242929
-0.242858
-0.242825
-0.242834
-0.242886
-0.242967
-0.243051
-0.24312
-0.243156
-0.243151
-0.243114
-0.243067
-0.243027
-0.243018
-0.243035
-0.243083
-0.243139
-0.243173
-0.243158
-0.243104
-0.243045
-0.242996
-0.242974
-0.242965
-0.242969
-0.242985
-0.243013
-0.243044
-0.243068
-0.243082
-0.243096
-0.243102
-0.243104
-0.243098
-0.243086
-0.243072
-0.243055
-0.243034
-0.243012
-0.242983
-0.242954
-0.24293
-0.242914
-0.242914
-0.24294
-0.242983
-0.243037
-0.243085
-0.243125
-0.243163
-0.243174
-0.243154
-0.243113
-0.243072
-0.243048
-0.243049
-0.243055
-0.243058
-0.243058
-0.243045
-0.243033
-0.243018
-0.243005
-0.242998
-0.242997
-0.243001
-0.243002
-0.242985
-0.242951
-0.242908
-0.242879
-0.242891
-0.242948
-0.243048
-0.243164
-0.243262
-0.243293
-0.24325
-0.24314
-0.243005
-0.2429
-0.242851
-0.242844
-0.242875
-0.242925
-0.24299
-0.243048
-0.243094
-0.243114
-0.24311
-0.243094
-0.243074
-0.24305
-0.243041
-0.243053
-0.24309
-0.243153
-0.243221
-0.243271
-0.243276
-0.243221
-0.24311
-0.242983
-0.242864
-0.242776
-0.242735
-0.24273
-0.242759
-0.242818
-0.2429
-0.242992
-0.24309
-0.24318
-0.243259
-0.243318
-0.243358
-0.243368
-0.243337
-0.243272
-0.243172
-0.243064
-0.24297
-0.242895
-0.242848
-0.242833
-0.242851
-0.242888
-0.242931
-0.242977
-0.243014
-0.243043
-0.243065
-0.243077
-0.243079
-0.243071
-0.243045
-0.242996
-0.242939
-0.242896
-0.242877
-0.242879
-0.242881
-0.242861
-0.242805
-0.242736
-0.242685
-0.242682
-0.242742
-0.242851
-0.242997
-0.243152
-0.243278
-0.243341
-0.243324
-0.243235
-0.243105
-0.242976
-0.242872
-0.242808
-0.242783
-0.242795
-0.242827
-0.242863
-0.242881
-0.242885
-0.242882
-0.242886
-0.242902
-0.242931
-0.242967
-0.243008
-0.243046
-0.243085
-0.243117
-0.243139
-0.243149
-0.243144
-0.243135
-0.243132
-0.243135
-0.243144
-0.243157
-0.243167
-0.243166
-0.243143
-0.243096
-0.243028
-0.242949
-0.24287
-0.242799
-0.242758
-0.242751
-0.242781
-0.242851
-0.242934
-0.24302
-0.243089
-0.243136
-0.243168
-0.243167
-0.243146
-0.243093
-0.243021
-0.242934
-0.242852
-0.2428
-0.242783
-0.242806
-0.242859
-0.242924
-0.242978
-0.243013
-0.24302
-0.243008
-0.242995
-0.242996
-0.243017
-0.243062
-0.243126
-0.243183
-0.243223
-0.243224
-0.243177
-0.243099
-0.243002
-0.242909
-0.242839
-0.242802
-0.24278
-0.242769
-0.242762
-0.242758
-0.242759
-0.242778
-0.242822
-0.242885
-0.242962
-0.24304
-0.243108
-0.24316
-0.243187
-0.243178
-0.243137
-0.243071
-0.242994
-0.242914
-0.242845
-0.24279
-0.242748
-0.242722
-0.242705
-0.242703
-0.242726
-0.242787
-0.242872
-0.242964
-0.243019
-0.243026
-0.242995
-0.242962
-0.242946
-0.242942
-0.242952
-0.242968
-0.242981
-0.242982
-0.242985
-0.24299
-0.243
-0.243017
-0.243038
-0.243062
-0.243074
-0.243065
-0.243041
-0.243002
-0.242954
-0.242912
-0.242879
-0.242871
-0.242886
-0.242915
-0.242955
-0.242997
-0.243053
-0.243108
-0.243165
-0.243196
-0.243184
-0.243114
-0.243007
-0.242904
-0.242827
-0.242784
-0.242776
-0.242784
-0.242802
-0.242835
-0.242877
-0.242924
-0.242981
-0.243045
-0.243109
-0.243166
-0.243197
-0.243192
-0.243146
-0.243082
-0.243028
-0.242999
-0.243001
-0.243015
-0.243033
-0.24304
-0.243038
-0.243026
-0.243005
-0.242986
-0.242964
-0.242945
-0.242931
-0.242923
-0.242924
-0.242936
-0.242957
-0.242985
-0.243013
-0.243043
-0.243075
-0.243105
-0.24314
-0.243166
-0.243182
-0.243184
-0.243171
-0.243143
-0.243107
-0.243069
-0.243031
-0.242994
-0.24296
-0.242935
-0.242934
-0.242955
-0.242993
-0.243028
-0.24305
-0.243054
-0.243038
-0.24301
-0.24298
-0.242958
-0.242954
-0.242962
-0.242968
-0.242967
-0.242968
-0.242978
-0.243013
-0.243071
-0.24314
-0.243195
-0.243227
-0.243215
-0.243181
-0.243131
-0.243081
-0.243032
-0.242993
-0.242958
-0.242927
-0.242906
-0.242904
-0.242922
-0.242961
-0.243007
-0.243051
-0.24308
-0.243088
-0.243083
-0.24307
-0.243055
-0.243053
-0.24307
-0.2431
-0.243135
-0.243152
-0.243144
-0.243109
-0.24306
-0.243014
-0.24298
-0.242966
-0.242967
-0.242981
-0.243
-0.243021
-0.243043
-0.243074
-0.243118
-0.24316
-0.243176
-0.243149
-0.243103
-0.243051
-0.243019
-0.243006
-0.243005
-0.243012
-0.243019
-0.24301
-0.243001
-0.24298
-0.242963
-0.242961
-0.242982
-0.243022
-0.243063
-0.243077
-0.243062
-0.243021
-0.242981
-0.24296
-0.242957
-0.242958
-0.242948
-0.242925
-0.2429
-0.242882
-0.242894
-0.242929
-0.242979
-0.243022
-0.243041
-0.243041
-0.243037
-0.243047
-0.243072
-0.243115
-0.243162
-0.243202
-0.243231
-0.243245
-0.243239
-0.243222
-0.24318
-0.243114
-0.243034
-0.242938
-0.242839
-0.242757
-0.242699
-0.242674
-0.242699
-0.242772
-0.242882
-0.243017
-0.243154
-0.243244
-0.243258
-0.243207
-0.243135
-0.243087
-0.243077
-0.243086
-0.243094
-0.243083
-0.243039
-0.242981
-0.242911
-0.242844
-0.242793
-0.24277
-0.242777
-0.242821
-0.242897
-0.242994
-0.243097
-0.243183
-0.243237
-0.243243
-0.243202
-0.243116
-0.243004
-0.242883
-0.242777
-0.242712
-0.242702
-0.242742
-0.242814
-0.242887
-0.242945
-0.242994
-0.243045
-0.243094
-0.243137
-0.243157
-0.243154
-0.243147
-0.243149
-0.243146
-0.243133
-0.24309
-0.243004
-0.242912
-0.242831
-0.242785
-0.242774
-0.242788
-0.242814
-0.242837
-0.242851
-0.24286
-0.242861
-0.242864
-0.242868
-0.242875
-0.242874
-0.24287
-0.242878
-0.242904
-0.242956
-0.243003
-0.243028
-0.243026
-0.243
-0.24296
-0.242923
-0.242893
-0.242892
-0.242907
-0.242922
-0.242917
-0.242884
-0.24284
-0.24281
-0.242803
-0.24284
-0.24291
-0.242987
-0.243052
-0.243083
-0.243071
-0.243008
-0.242915
-0.242825
-0.242759
-0.242729
-0.242735
-0.242785
-0.242854
-0.242932
-0.243007
-0.243062
-0.243069
-0.243031
-0.242978
-0.242941
-0.24293
-0.242924
-0.242901
-0.242852
-0.24279
-0.242729
-0.242691
-0.242679
-0.242699
-0.242756
-0.242851
-0.242972
-0.2431
-0.243202
-0.243248
-0.243216
-0.243127
-0.243021
-0.242927
-0.242857
-0.242816
-0.242796
-0.242799
-0.242821
-0.242856
-0.242902
-0.242953
-0.242987
-0.242988
-0.242964
-0.242927
-0.242891
-0.24286
-0.242867
-0.242904
-0.242962
-0.243036
-0.243122
-0.2432
-0.243245
-0.243244
-0.243196
-0.243122
-0.24304
-0.24297
-0.242912
-0.242867
-0.242832
-0.242805
-0.242794
-0.242809
-0.242852
-0.242907
-0.242968
-0.243021
-0.243064
-0.243092
-0.243113
-0.243114
-0.243109
-0.243091
-0.243065
-0.243039
-0.243018
-0.243006
-0.242997
-0.243
-0.242999
-0.242997
-0.242993
-0.24298
-0.24296
-0.242944
-0.242932
-0.242924
-0.242929
-0.242945
-0.242969
-0.242991
-0.243013
-0.243016
-0.243002
-0.242971
-0.242942
-0.242923
-0.242929
-0.242962
-0.243019
-0.243071
-0.243104
-0.243106
-0.243074
-0.243024
-0.242969
-0.24293
-0.242928
-0.242973
-0.243067
-0.243179
-0.243257
-0.243263
-0.243198
-0.243101
-0.243005
-0.242924
-0.242866
-0.242825
-0.242785
-0.242758
-0.242731
-0.242721
-0.242719
-0.242746
-0.242812
-0.242912
-0.243038
-0.243159
-0.243253
-0.243292
-0.243277
-0.243225
-0.243147
-0.243058
-0.242968
-0.242886
-0.242831
-0.242811
-0.242821
-0.242854
-0.242888
-0.242914
-0.242927
-0.242928
-0.242929
-0.242929
-0.242932
-0.242942
-0.242944
-0.242946
-0.24294
-0.242928
-0.242916
-0.242912
-0.242924
-0.242949
-0.242968
-0.242963
-0.242927
-0.24288
-0.242839
-0.242816
-0.242814
-0.242827
-0.242858
-0.242913
-0.242988
-0.243052
-0.24307
-0.243031
-0.242957
-0.242874
-0.242808
-0.242771
-0.242774
-0.242806
-0.242853
-0.242902
-0.242942
-0.242979
-0.243013
-0.243046
-0.243063
-0.243064
-0.243049
-0.243019
-0.242982
-0.242947
-0.242909
-0.242881
-0.242854
-0.242825
-0.242787
-0.242741
-0.242698
-0.242671
-0.242671
-0.242706
-0.242775
-0.242855
-0.242934
-0.243014
-0.243065
-0.243077
-0.243035
-0.242943
-0.242847
-0.242776
-0.242768
-0.24282
-0.242912
-0.242993
-0.243029
-0.243003
-0.242937
-0.242872
-0.242829
-0.242818
-0.242842
-0.242884
-0.242939
-0.242989
-0.243025
-0.243035
-0.243013
-0.242978
-0.242935
-0.242898
-0.242872
-0.242854
-0.242844
-0.242846
-0.242862
-0.242917
-0.243022
-0.243127
-0.243135
-0.243007
-0.24283
-0.242716
-0.2427
-0.242756
-0.242841
-0.242922
-0.242988
-0.243033
-0.243055
-0.243047
-0.24302
-0.242984
-0.242945
-0.242897
-0.242833
-0.242756
-0.242682
-0.242635
-0.242622
-0.242662
-0.242771
-0.242935
-0.243095
-0.243171
-0.243138
-0.243055
-0.242991
-0.242956
-0.242941
-0.242927
-0.242909
-0.242891
-0.242873
-0.242858
-0.24284
-0.242817
-0.242787
-0.242763
-0.242763
-0.242788
-0.24284
-0.242915
-0.243001
-0.243079
-0.243129
-0.243123
-0.243076
-0.242999
-0.242926
-0.242867
-0.242815
-0.242771
-0.242734
-0.242713
-0.242715
-0.242756
-0.242814
-0.24288
-0.242925
-0.242935
-0.242923
-0.2429
-0.242876
-0.242867
-0.242879
-0.242904
-0.242944
-0.242984
-0.243012
-0.243018
-0.243001
-0.242963
-0.242919
-0.242881
-0.242865
-0.242885
-0.24294
-0.243022
-0.243102
-0.243148
-0.243146
-0.243098
-0.243021
-0.242947
-0.2429
-0.242869
-0.242851
-0.242842
-0.242843
-0.242859
-0.242883
-0.242911
-0.242938
-0.242946
-0.242941
-0.242932
-0.242922
-0.242921
-0.242943
-0.242967
-0.242988
-0.242996
-0.242982
-0.242942
-0.242899
-0.242866
-0.242857
-0.242879
-0.242934
-0.243007
-0.243073
-0.243115
-0.243127
-0.243112
-0.243086
-0.243039
-0.24297
-0.242886
-0.242794
-0.242715
-0.242663
-0.242644
-0.242658
-0.242707
-0.242792
-0.242901
-0.243023
-0.243136
-0.243218
-0.243246
-0.243217
-0.243152
-0.243093
-0.24306
-0.243035
-0.24298
-0.242887
-0.242798
-0.242747
-0.24274
-0.242753
-0.242754
-0.242741
-0.242725
-0.242718
-0.24273
-0.242771
-0.242829
-0.242892
-0.242957
-0.243001
-0.243018
-0.243005
-0.243012
-0.24305
-0.243091
-0.243058
-0.242958
-0.242842
-0.242771
-0.242763
-0.242804
-0.242868
-0.242933
-0.242983
-0.243004
-0.243013
-0.243017
-0.243021
-0.24302
-0.243009
-0.242985
-0.242952
-0.242924
-0.242918
-0.24293
-0.242957
-0.242978
-0.242975
-0.242958
-0.242938
-0.24292
-0.242915
-0.242917
-0.242918
-0.242909
-0.242886
-0.242859
-0.242837
-0.242847
-0.242884
-0.242941
-0.243009
-0.243061
-0.243092
-0.24309
-0.243068
-0.243028
-0.24298
-0.242933
-0.242903
-0.242888
-0.242892
-0.242915
-0.242954
-0.242998
-0.243046
-0.243084
-0.243116
-0.243138
-0.243133
-0.243111
-0.243076
-0.243033
-0.242993
-0.242969
-0.242966
-0.242974
-0.242965
-0.242928
-0.242875
-0.242824
-0.242809
-0.242838
-0.242909
-0.243011
-0.243117
-0.243193
-0.243226
-0.243216
-0.243181
-0.243131
-0.243091
-0.243059
-0.243031
-0.243011
-0.242991
-0.242967
-0.242937
-0.242909
-0.242878
-0.242859
-0.242845
-0.242849
-0.242862
-0.242889
-0.242924
-0.242958
-0.242988
-0.24301
-0.243027
-0.243043
-0.243057
-0.243058
-0.243045
-0.243018
-0.242992
-0.242981
-0.242972
-0.242965
-0.242952
-0.24294
-0.242935
-0.242937
-0.242951
-0.242973
-0.242989
-0.242992
-0.242978
-0.24294
-0.242896
-0.242863
-0.242857
-0.242868
-0.2429
-0.242936
-0.242978
-0.243018
-0.24305
-0.243071
-0.243076
-0.243069
-0.243054
-0.243039
-0.243025
-0.243002
-0.242976
-0.242952
-0.242934
-0.242924
-0.242927
-0.242933
-0.242929
-0.242913
-0.242896
-0.242902
-0.242936
-0.242992
-0.243032
-0.243013
-0.242947
-0.242876
-0.242833
-0.242821
-0.242822
-0.242827
-0.242831
-0.242835
-0.242834
-0.24283
-0.242826
-0.242829
-0.242838
-0.24285
-0.24287
-0.242891
-0.242911
-0.242933
-0.242955
-0.24297
-0.242977
-0.242976
-0.242977
-0.242987
-0.24301
-0.243046
-0.243083
-0.243111
-0.243113
-0.243077
-0.243024
-0.242961
-0.242901
-0.242851
-0.24281
-0.242796
-0.242801
-0.242833
-0.242889
-0.24296
-0.243034
-0.243098
-0.243132
-0.243133
-0.243113
-0.24308
-0.243042
-0.243003
-0.242956
-0.242903
-0.242856
-0.242828
-0.242826
-0.242844
-0.242873
-0.2429
-0.242918
-0.242925
-0.242935
-0.242947
-0.242972
-0.243006
-0.243051
-0.243094
-0.243125
-0.243137
-0.243129
-0.243106
-0.243077
-0.243045
-0.243013
-0.242976
-0.242937
-0.242888
-0.242838
-0.24279
-0.242758
-0.242735
-0.242733
-0.242773
-0.242875
-0.243026
-0.243124
-0.243082
-0.242925
-0.242767
-0.242687
-0.242689
-0.242742
-0.242825
-0.242909
-0.242985
-0.24303
-0.243045
-0.24305
-0.24305
-0.243063
-0.243076
-0.243056
-0.242987
-0.242894
-0.242819
-0.242776
-0.242757
-0.242755
-0.242768
-0.242814
-0.242892
-0.243003
-0.243111
-0.243172
-0.243155
-0.24307
-0.242947
-0.242843
-0.242803
-0.242819
-0.242861
-0.242887
-0.242883
-0.242862
-0.242841
-0.242828
-0.242824
-0.242831
-0.242858
-0.242912
-0.242999
-0.2431
-0.243186
-0.243213
-0.243163
-0.243037
-0.242889
-0.242773
-0.242721
-0.242718
-0.24275
-0.242782
-0.242788
-0.242772
-0.24276
-0.242785
-0.242861
-0.242982
-0.243085
-0.24314
-0.243144
-0.243124
-0.243092
-0.24304
-0.242975
-0.242922
-0.242891
-0.242893
-0.24292
-0.242953
-0.242968
-0.24296
-0.242924
-0.24288
-0.242852
-0.242852
-0.242887
-0.242937
-0.242979
-0.242986
-0.242963
-0.242934
-0.24292
-0.242928
-0.242961
-0.243006
-0.243045
-0.243065
-0.243062
-0.243048
-0.243032
-0.243028
-0.243047
-0.243078
-0.243105
-0.243107
-0.243071
-0.243006
-0.242957
-0.24294
-0.242949
-0.242974
-0.242998
-0.243011
-0.243017
-0.24302
-0.243026
-0.243022
-0.243013
-0.242998
-0.242978
-0.242967
-0.242962
-0.242977
-0.242997
-0.243009
-0.242993
-0.242955
-0.242903
-0.242858
-0.242837
-0.242862
-0.242927
-0.243012
-0.243077
-0.243109
-0.243107
-0.243084
-0.243048
-0.243027
-0.243007
-0.242993
-0.242967
-0.242925
-0.242876
-0.242838
-0.242825
-0.242855
-0.242917
-0.242983
-0.243051
-0.24308
-0.243075
-0.243042
-0.242998
-0.242965
-0.242953
-0.242961
-0.242983
-0.243007
-0.243021
-0.243005
-0.242954
-0.242877
-0.242796
-0.242732
-0.242696
-0.242702
-0.242746
-0.242819
-0.242913
-0.243004
-0.243069
-0.243098
-0.2431
-0.243079
-0.24304
-0.242989
-0.242943
-0.242904
-0.242875
-0.242864
-0.24286
-0.242862
-0.242864
-0.242861
-0.242864
-0.24289
-0.24295
-0.243031
-0.243083
-0.243082
-0.243025
-0.242938
-0.242855
-0.242803
-0.242793
-0.242828
-0.242886
-0.242943
-0.242977
-0.242973
-0.242935
-0.242887
-0.24285
-0.242839
-0.242853
-0.242881
-0.242911
-0.242947
-0.24298
-0.243009
-0.243027
-0.243024
-0.243006
-0.242984
-0.242967
-0.242965
-0.242986
-0.243036
-0.243099
-0.243156
-0.243173
-0.243145
-0.243085
-0.24301
-0.242943
-0.242889
-0.242853
-0.242834
-0.242838
-0.242873
-0.242932
-0.242994
-0.243045
-0.243074
-0.243075
-0.243053
-0.243016
-0.242971
-0.242938
-0.242925
-0.242947
-0.242988
-0.243027
-0.243046
-0.243018
-0.242945
-0.242852
-0.242762
-0.242708
-0.242691
-0.242711
-0.242764
-0.242841
-0.242935
-0.243037
-0.243116
-0.243149
-0.243126
-0.243053
-0.242967
-0.242902
-0.242868
-0.242856
-0.242866
-0.242892
-0.242933
-0.242988
-0.243048
-0.243097
-0.243113
-0.243081
-0.24301
-0.242929
-0.242852
-0.242804
-0.242783
-0.242789
-0.242818
-0.242863
-0.24291
-0.242951
-0.242968
-0.24296
-0.242921
-0.242866
-0.242807
-0.242757
-0.242732
-0.242723
-0.242731
-0.242758
-0.2428
-0.242854
-0.242919
-0.242987
-0.243059
-0.243125
-0.243179
-0.243211
-0.243205
-0.243159
-0.243071
-0.242963
-0.242862
-0.242785
-0.242736
-0.242716
-0.242721
-0.242749
-0.242793
-0.242849
-0.242911
-0.242971
-0.243024
-0.243058
-0.243071
-0.243059
-0.243033
-0.243
-0.242979
-0.242953
-0.242936
-0.242933
-0.242949
-0.242986
-0.243036
-0.243088
-0.243123
-0.24314
-0.24313
-0.243109
-0.243079
-0.243059
-0.24305
-0.243045
-0.243045
-0.243041
-0.243025
-0.243001
-0.242978
-0.242972
-0.242979
-0.243008
-0.24305
-0.243093
-0.243127
-0.243151
-0.243161
-0.243156
-0.243126
-0.243068
-0.242991
-0.242915
-0.242876
-0.242891
-0.242963
-0.243033
-0.243055
-0.243007
-0.242932
-0.242871
-0.242852
-0.242875
-0.242916
-0.242963
-0.243013
-0.243054
-0.243082
-0.243096
-0.243101
-0.243086
-0.243059
-0.243009
-0.242943
-0.242881
-0.242835
-0.242824
-0.242849
-0.242893
-0.242946
-0.242985
-0.243013
-0.243027
-0.243037
-0.243046
-0.243064
-0.243081
-0.24308
-0.243048
-0.242987
-0.242911
-0.242837
-0.242787
-0.242776
-0.242803
-0.242858
-0.242924
-0.242982
-0.243022
-0.243055
-0.243076
-0.243104
-0.243136
-0.243152
-0.243125
-0.243038
-0.24291
-0.242785
-0.242695
-0.242684
-0.242786
-0.242974
-0.243125
-0.243126
-0.242996
-0.242858
-0.242779
-0.242755
-0.242766
-0.242793
-0.242844
-0.242914
-0.242972
-0.243003
-0.243009
-0.242998
-0.242992
-0.242983
-0.242971
-0.242958
-0.242943
-0.242929
-0.242922
-0.242936
-0.242969
-0.243011
-0.243049
-0.243069
-0.243069
-0.243055
-0.243029
-0.242992
-0.242955
-0.242928
-0.24292
-0.242926
-0.242938
-0.242948
-0.242954
-0.242956
-0.242964
-0.242969
-0.242967
-0.242942
-0.242882
-0.242797
-0.242704
-0.242636
-0.242643
-0.242735
-0.242852
-0.242891
-0.242822
-0.242714
-0.242643
-0.242627
-0.24266
-0.242735
-0.242848
-0.24296
-0.243028
-0.243046
-0.24304
-0.24305
-0.243081
-0.243114
-0.243119
-0.243088
-0.243025
-0.24295
-0.24288
-0.242825
-0.242788
-0.242757
-0.242736
-0.242719
-0.242712
-0.242716
-0.242734
-0.242777
-0.24285
-0.242954
-0.24308
-0.243198
-0.243272
-0.243285
-0.243237
-0.243146
-0.24305
-0.242976
-0.242923
-0.242884
-0.242859
-0.242849
-0.242856
-0.242884
-0.242924
-0.242963
-0.242969
-0.24295
-0.242926
-0.242908
-0.242897
-0.242893
-0.242884
-0.242873
-0.242867
-0.242861
-0.242863
-0.242874
-0.242897
-0.242938
-0.242997
-0.243062
-0.243107
-0.243111
-0.243063
-0.242979
-0.242887
-0.242819
-0.242794
-0.24282
-0.242889
-0.242982
-0.243061
-0.243099
-0.243105
-0.243107
-0.243124
-0.243149
-0.243169
-0.243163
-0.243115
-0.243041
-0.242942
-0.242834
-0.242739
-0.242667
-0.242637
-0.24265
-0.242711
-0.242808
-0.242925
-0.243032
-0.24311
-0.24315
-0.243146
-0.243123
-0.243088
-0.243055
-0.243014
-0.242958
-0.242888
-0.24281
-0.24274
-0.242691
-0.242692
-0.242721
-0.242785
-0.242866
-0.242957
-0.243044
-0.243101
-0.243103
-0.24304
-0.242926
-0.242791
-0.242685
-0.242643
-0.242688
-0.242798
-0.242938
-0.243067
-0.24315
-0.243174
-0.243138
-0.243048
-0.242911
-0.242778
-0.242686
-0.24266
-0.242686
-0.24275
-0.242834
-0.242914
-0.24298
-0.243025
-0.24305
-0.243051
-0.243037
-0.243011
-0.242979
-0.24294
-0.2429
-0.24285
-0.242792
-0.242729
-0.242665
-0.242617
-0.242589
-0.242597
-0.242646
-0.242742
-0.242867
-0.243004
-0.243118
-0.243192
-0.243227
-0.243216
-0.243155
-0.243044
-0.242896
-0.242747
-0.242635
-0.242584
-0.242601
-0.242684
-0.242812
-0.242957
-0.243074
-0.243154
-0.243183
-0.24317
-0.243144
-0.243104
-0.243059
-0.243005
-0.242942
-0.242878
-0.242823
-0.242779
-0.242752
-0.24274
-0.242749
-0.242774
-0.242809
-0.242843
-0.24287
-0.242895
-0.242926
-0.242967
-0.243033
-0.243115
-0.243194
-0.243212
-0.243133
-0.242965
-0.242791
-0.242669
-0.242611
-0.242609
-0.242648
-0.242722
-0.242834
-0.242972
-0.243102
-0.243211
-0.243278
-0.243299
-0.243279
-0.243223
-0.243135
-0.243039
-0.242948
-0.242881
-0.24284
-0.242821
-0.242819
-0.242832
-0.24286
-0.242909
-0.24297
-0.243038
-0.243099
-0.243149
-0.243167
-0.243147
-0.243085
-0.243002
-0.242915
-0.24286
-0.242839
-0.242848
-0.242863
-0.242871
-0.242868
-0.242861
-0.242866
-0.242892
-0.242933
-0.242976
-0.243022
-0.243072
-0.243109
-0.243108
-0.243059
-0.242985
-0.242924
-0.242888
-0.242879
-0.242889
-0.242903
-0.242908
-0.242907
-0.242914
-0.242925
-0.242953
-0.24298
-0.243011
-0.243034
-0.243056
-0.243063
-0.243059
-0.243039
-0.242998
-0.242944
-0.242892
-0.242847
-0.242818
-0.242807
-0.242811
-0.242822
-0.242842
-0.242867
-0.242903
-0.242955
-0.243028
-0.243107
-0.243181
-0.243222
-0.243223
-0.243181
-0.243104
-0.243011
-0.242926
-0.242858
-0.242819
-0.242799
-0.242802
-0.242817
-0.242833
-0.24286
-0.242889
-0.242925
-0.242957
-0.24298
-0.242993
-0.242992
-0.242988
-0.242977
-0.242961
-0.242945
-0.242932
-0.242935
-0.242966
-0.243007
-0.24303
-0.243006
-0.242936
-0.242849
-0.242782
-0.242774
-0.242817
-0.242907
-0.243004
-0.243078
-0.243115
-0.243111
-0.243071
-0.243011
-0.242952
-0.242909
-0.242895
-0.242915
-0.242944
-0.242987
-0.243012
-0.243021
-0.243016
-0.242999
-0.242972
-0.242945
-0.242911
-0.242877
-0.242847
-0.242832
-0.242847
-0.242901
-0.242988
-0.243083
-0.243152
-0.243177
-0.243151
-0.243087
-0.242996
-0.242902
-0.242824
-0.242773
-0.242763
-0.242813
-0.242912
-0.243034
-0.243131
-0.243168
-0.243146
-0.243085
-0.243016
-0.242957
-0.242914
-0.242884
-0.242867
-0.242857
-0.242847
-0.242841
-0.242836
-0.242849
-0.242891
-0.242967
-0.243071
-0.243187
-0.243286
-0.243339
-0.243324
-0.243251
-0.243137
-0.243011
-0.242916
-0.242867
-0.242868
-0.242893
-0.242916
-0.242917
-0.242903
-0.242879
-0.242858
-0.242836
-0.242822
-0.242812
-0.242812
-0.24284
-0.242894
-0.242977
-0.243066
-0.243134
-0.243154
-0.243132
-0.243077
-0.24301
-0.242964
-0.242948
-0.242969
-0.243012
-0.243055
-0.243084
-0.24309
-0.24307
-0.243042
-0.243019
-0.24301
-0.243016
-0.243022
-0.243019
-0.243001
-0.24298
-0.242952
-0.242918
-0.242877
-0.242844
-0.242828
-0.242834
-0.242865
-0.242908
-0.24294
-0.242969
-0.242985
-0.243
-0.243013
-0.243035
-0.24306
-0.243087
-0.243114
-0.243139
-0.243148
-0.243149
-0.24313
-0.2431
-0.243069
-0.243037
-0.243006
-0.242979
-0.242963
-0.242955
-0.242959
-0.242967
-0.242976
-0.242979
-0.242974
-0.242962
-0.242958
-0.242956
-0.24296
-0.242959
-0.242948
-0.24293
-0.242909
-0.242911
-0.242939
-0.243006
-0.243091
-0.243178
-0.243244
-0.243275
-0.243265
-0.243223
-0.243161
-0.2431
-0.24304
-0.242988
-0.242937
-0.242886
-0.242847
-0.24283
-0.242844
-0.242901
-0.242987
-0.243089
-0.243178
-0.243228
-0.243221
-0.243168
-0.243084
-0.242986
-0.242905
-0.242855
-0.242845
-0.24288
-0.242942
-0.243019
-0.243085
-0.243122
-0.243129
-0.243109
-0.243071
-0.243039
-0.24302
-0.243028
-0.24305
-0.243071
-0.24308
-0.243076
-0.243059
-0.243037
-0.243024
-0.24302
-0.243005
-0.24296
-0.242903
-0.242862
-0.242851
-0.242877
-0.242921
-0.242968
-0.24302
-0.243077
-0.243133
-0.243182
-0.243205
-0.243193
-0.243145
-0.243078
-0.243021
-0.242982
-0.242973
-0.242987
-0.243009
-0.243028
-0.243036
-0.24304
-0.243043
-0.243052
-0.243057
-0.24305
-0.243042
-0.24303
-0.243016
-0.242991
-0.242963
-0.242935
-0.242912
-0.242898
-0.242908
-0.242941
-0.243009
-0.243097
-0.243184
-0.243252
-0.243274
-0.24324
-0.243173
-0.243089
-0.24301
-0.242949
-0.242922
-0.242931
-0.242974
-0.243034
-0.243078
-0.243075
-0.243022
-0.242935
-0.242862
-0.242831
-0.242849
-0.242905
-0.242981
-0.243064
-0.243129
-0.243161
-0.243156
-0.243122
-0.243075
-0.243021
-0.24298
-0.242959
-0.242953
-0.242964
-0.24298
-0.242992
-0.243008
-0.243017
-0.243025
-0.243037
-0.243052
-0.243067
-0.24308
-0.243089
-0.243096
-0.243092
-0.243065
-0.243019
-0.242968
-0.242931
-0.242906
-0.242886
-0.242874
-0.242863
-0.242849
-0.242847
-0.242881
-0.242977
-0.243136
-0.243326
-0.243441
-0.243383
-0.243175
-0.242923
-0.242731
-0.24263
-0.242616
-0.242665
-0.24276
-0.24287
-0.242949
-0.242982
-0.242971
-0.242951
-0.242942
-0.242956
-0.242979
-0.242989
-0.242969
-0.24293
-0.242896
-0.242901
-0.242952
-0.243031
-0.243094
-0.243115
-0.243086
-0.243029
-0.242982
-0.242963
-0.242976
-0.243004
-0.243037
-0.243062
-0.243072
-0.243054
-0.243007
-0.242945
-0.242883
-0.242845
-0.24285
-0.242902
-0.242997
-0.243109
-0.243204
-0.243263
-0.243272
-0.243228
-0.243158
-0.243075
-0.243005
-0.242954
-0.242922
-0.242896
-0.242854
-0.242791
-0.242726
-0.242713
-0.242781
-0.242911
-0.243042
-0.243108
-0.243106
-0.24306
-0.24302
-0.243018
-0.243056
-0.243107
-0.243147
-0.243152
-0.243114
-0.243066
-0.243018
-0.243005
-0.24301
-0.24302
-0.243019
-0.243006
-0.242976
-0.242937
-0.242899
-0.242866
-0.242838
-0.242816
-0.242812
-0.242832
-0.242878
-0.242943
-0.243007
-0.243023
-0.24298
-0.242905
-0.24286
-0.24288
-0.242977
-0.243104
-0.243208
-0.243244
-0.243215
-0.243139
-0.243055
-0.242991
-0.24296
-0.242958
-0.242975
-0.242998
-0.24302
-0.24304
-0.24306
-0.243075
-0.243085
-0.243066
-0.243033
-0.242992
-0.242957
-0.242943
-0.242942
-0.242936
-0.242916
-0.2429
-0.242905
-0.242944
-0.243026
-0.243127
-0.243214
-0.243263
-0.243251
-0.243188
-0.243089
-0.242993
-0.242923
-0.24289
-0.242904
-0.242953
-0.243017
-0.243062
-0.243068
-0.243029
-0.242954
-0.242876
-0.242822
-0.242821
-0.242893
-0.243042
-0.243252
-0.24345
-0.243556
-0.243509
-0.243335
-0.243113
-0.242919
-0.2428
-0.242767
-0.242795
-0.242859
-0.242945
-0.243033
-0.24311
-0.243169
-0.2432
-0.24321
-0.243194
-0.243163
-0.243118
-0.243069
-0.243032
-0.243013
-0.243012
-0.243027
-0.243043
-0.243064
-0.243086
-0.243099
-0.243101
-0.243096
-0.243092
-0.243098
-0.243111
-0.243126
-0.243133
-0.243137
-0.243135
-0.243135
-0.243137
-0.243141
-0.243139
-0.243122
-0.243093
-0.243064
-0.243033
-0.243006
-0.242991
-0.242993
-0.243012
-0.243036
-0.243068
-0.243104
-0.243145
-0.243191
-0.24324
-0.24328
-0.243307
-0.243315
-0.24331
-0.24328
-0.243232
-0.243166
-0.2431
-0.243035
-0.242983
-0.242951
-0.242932
-0.242926
-0.242932
-0.242956
-0.24299
-0.24304
-0.243111
-0.243187
-0.243253
-0.243295
-0.243296
-0.243251
-0.24317
-0.243064
-0.242961
-0.242881
-0.24285
-0.242872
-0.242935
-0.243013
-0.243073
-0.243094
-0.243092
-0.243084
-0.243084
-0.243095
-0.243109
-0.243116
-0.24311
-0.243096
-0.243075
-0.243059
-0.243048
-0.243046
-0.243055
-0.243074
-0.243086
-0.243081
-0.243044
-0.242996
-0.242955
-0.242936
-0.242934
-0.242949
-0.242978
-0.243022
-0.243082
-0.243148
-0.243188
-0.243196
-0.243166
-0.243122
-0.243077
-0.243042
-0.24302
-0.243006
-0.243005
-0.243024
-0.243055
-0.243095
-0.243136
-0.243171
-0.243197
-0.243217
-0.243243
-0.243257
-0.243246
-0.243202
-0.243124
-0.243038
-0.24297
-0.242929
-0.242917
-0.242932
-0.242965
-0.243007
-0.243042
-0.243061
-0.243061
-0.243056
-0.243065
-0.243105
-0.243171
-0.243217
-0.243211
-0.243143
-0.243055
-0.242973
-0.242928
-0.242921
-0.242939
-0.242976
-0.243024
-0.243083
-0.243144
-0.243204
-0.243248
-0.243268
-0.243264
-0.243259
-0.243267
-0.243268
-0.24325
-0.243204
-0.243127
-0.243035
-0.242938
-0.242857
-0.242789
-0.242749
-0.242743
-0.242786
-0.242889
-0.243057
-0.243242
-0.243385
-0.243438
-0.243399
-0.243303
-0.243198
-0.243127
-0.2431
-0.243103
-0.243123
-0.24314
-0.243151
-0.243155
-0.243148
-0.24314
-0.243138
-0.243138
-0.243139
-0.243136
-0.243125
-0.243114
-0.243097
-0.243076
-0.243051
-0.243019
-0.243006
-0.243009
-0.243037
-0.243089
-0.243162
-0.24324
-0.243308
-0.243354
-0.243368
-0.243345
-0.243295
-0.243225
-0.243142
-0.243057
-0.242989
-0.242945
-0.242932
-0.242948
-0.242988
-0.243037
-0.243086
-0.243135
-0.243174
-0.243197
-0.24319
-0.243159
-0.24312
-0.243096
-0.243089
-0.243082
-0.243059
-0.243007
-0.242952
-0.242931
-0.242964
-0.243057
-0.243173
-0.243276
-0.243326
-0.243319
-0.243273
-0.24321
-0.243156
-0.243121
-0.243106
-0.243103
-0.243108
-0.243115
-0.243121
-0.243131
-0.243151
-0.243158
-0.243152
-0.243135
-0.243104
-0.243077
-0.243055
-0.243048
-0.243057
-0.243083
-0.243117
-0.243144
-0.243142
-0.243109
-0.243047
-0.242995
-0.242974
-0.243007
-0.243086
-0.243173
-0.243226
-0.243218
-0.243164
-0.243113
-0.243093
-0.243105
-0.243132
-0.243154
-0.243161
-0.243154
-0.243145
-0.243138
-0.243141
-0.243148
-0.243149
-0.243143
-0.24314
-0.243141
-0.243154
-0.243171
-0.243185
-0.243185
-0.243167
-0.243125
-0.243063
-0.242999
-0.242943
-0.242908
-0.242903
-0.242927
-0.242982
-0.243054
-0.243132
-0.243201
-0.243265
-0.243318
-0.243361
-0.243379
-0.243357
-0.243301
-0.243229
-0.24316
-0.243112
-0.243086
-0.243081
-0.24309
-0.24311
-0.243133
-0.243153
-0.243166
-0.243171
-0.24316
-0.243141
-0.243122
-0.243104
-0.243102
-0.24311
-0.243127
-0.243153
-0.243182
-0.243212
-0.243231
-0.243228
-0.243206
-0.243178
-0.243157
-0.243152
-0.243164
-0.243186
-0.243204
-0.243199
-0.243178
-0.243146
-0.243103
-0.243065
-0.24304
-0.243024
-0.24303
-0.243042
-0.243062
-0.243093
-0.243136
-0.243191
-0.243254
-0.243317
-0.243372
-0.243409
-0.243416
-0.243387
-0.243329
-0.243252
-0.243184
-0.243131
-0.24311
-0.243102
-0.243098
-0.24309
-0.243071
-0.243039
-0.243001
-0.242974
-0.242962
-0.242984
-0.243034
-0.243101
-0.243165
-0.243212
-0.24324
-0.243259
-0.243271
-0.243279
-0.243258
-0.243198
-0.243115
-0.243031
-0.242979
-0.242962
-0.242973
-0.242987
-0.242992
-0.242999
-0.243015
-0.243038
-0.243073
-0.243097
-0.243117
-0.243136
-0.243162
-0.243201
-0.243231
-0.24324
-0.243237
-0.243238
-0.243248
-0.243256
-0.243246
-0.243206
-0.243152
-0.243091
-0.243036
-0.242995
-0.242969
-0.242944
-0.242924
-0.242896
-0.242867
-0.242868
-0.242922
-0.243022
-0.243138
-0.243211
-0.243213
-0.243178
-0.243152
-0.243149
-0.243183
-0.243214
-0.243225
-0.24321
-0.243172
-0.243131
-0.243101
-0.243092
-0.243104
-0.243139
-0.243185
-0.24323
-0.24325
-0.243228
-0.243164
-0.243078
-0.243002
-0.24296
-0.242948
-0.242959
-0.242982
-0.243017
-0.243062
-0.243113
-0.243172
-0.243211
-0.243226
-0.2432
-0.243143
-0.243079
-0.243038
-0.24304
-0.243085
-0.243156
-0.243217
-0.243242
-0.243212
-0.243155
-0.24309
-0.243047
-0.243028
-0.243026
-0.243027
-0.243043
-0.243074
-0.243124
-0.243188
-0.243253
-0.243301
-0.243319
-0.243311
-0.243283
-0.243252
-0.24322
-0.243203
-0.243207
-0.24322
-0.243238
-0.243249
-0.24324
-0.243213
-0.243168
-0.243128
-0.243108
-0.243113
-0.243149
-0.24319
-0.243224
-0.243233
-0.243213
-0.243179
-0.243131
-0.243086
-0.243059
-0.243049
-0.243064
-0.243102
-0.243161
-0.243231
-0.243292
-0.243336
-0.243353
-0.243356
-0.243351
-0.243345
-0.243338
-0.243319
-0.24329
-0.243247
-0.243201
-0.24316
-0.243132
-0.243118
-0.243109
-0.243107
-0.243119
-0.243148
-0.243192
-0.243254
-0.243317
-0.243367
-0.243391
-0.243392
-0.243363
-0.243321
-0.24328
-0.243245
-0.243217
-0.243193
-0.243172
-0.243142
-0.243099
-0.243061
-0.243034
-0.243031
-0.243067
-0.243128
-0.243207
-0.243275
-0.243324
-0.243347
-0.243336
-0.243303
-0.243254
-0.24319
-0.243127
-0.243075
-0.243035
-0.243004
-0.24299
-0.242991
-0.243007
-0.24304
-0.243095
-0.243164
-0.243243
-0.243319
-0.243375
-0.243393
-0.24335
-0.24323
-0.243053
-0.242875
-0.242752
-0.242731
-0.242821
-0.242971
-0.243087
-0.243105
-0.243065
-0.243053
-0.243097
-0.243166
-0.243219
-0.243228
-0.243183
-0.243116
-0.243049
-0.243002
-0.242997
-0.243024
-0.24308
-0.243143
-0.243208
-0.243261
-0.243283
-0.243273
-0.243225
-0.243158
-0.243085
-0.243029
-0.242999
-0.242988
-0.242993
-0.243004
-0.243018
-0.243037
-0.243067
-0.243112
-0.243161
-0.243197
-0.243201
-0.243181
-0.243152
-0.243138
-0.243155
-0.24319
-0.243224
-0.243234
-0.243211
-0.243164
-0.243111
-0.243065
-0.243031
-0.24302
-0.243026
-0.24305
-0.243092
-0.243151
-0.243208
-0.243251
-0.243262
-0.243244
-0.243207
-0.243169
-0.243139
-0.243129
-0.243139
-0.243161
-0.243182
-0.243189
-0.243178
-0.243163
-0.243148
-0.243147
-0.243163
-0.243183
-0.243195
-0.24318
-0.243147
-0.243109
-0.243081
-0.243066
-0.243067
-0.243083
-0.243102
-0.243116
-0.243123
-0.243125
-0.243116
-0.243117
-0.243135
-0.243173
-0.243238
-0.243303
-0.243348
-0.243371
-0.243363
-0.243322
-0.243265
-0.243195
-0.243111
-0.24304
-0.242984
-0.242956
-0.242951
-0.242964
-0.242979
-0.242996
-0.24301
-0.243033
-0.243069
-0.243139
-0.243249
-0.243364
-0.243443
-0.243451
-0.243402
-0.243324
-0.243253
-0.243202
-0.243159
-0.243115
-0.243058
-0.24299
-0.242928
-0.242908
-0.242939
-0.243024
-0.24314
-0.24325
-0.243314
-0.243324
-0.243293
-0.243237
-0.24317
-0.243108
-0.243051
-0.24303
-0.243066
-0.243159
-0.243268
-0.243338
-0.24332
-0.243219
-0.243057
-0.242893
-0.24279
-0.242781
-0.242854
-0.242981
-0.243127
-0.243256
-0.243339
-0.243368
-0.243353
-0.243312
-0.243244
-0.243168
-0.243085
-0.243004
-0.242942
-0.242902
-0.242899
-0.242935
-0.242994
-0.243054
-0.243103
-0.243124
-0.243129
-0.243135
-0.24316
-0.243208
-0.243272
-0.243328
-0.243339
-0.24329
-0.243191
-0.243078
-0.242986
-0.242933
-0.242927
-0.24295
-0.242992
-0.243039
-0.243093
-0.243147
-0.243202
-0.243248
-0.243278
-0.243295
-0.243298
-0.243293
-0.243281
-0.243266
-0.243246
-0.243216
-0.243165
-0.243121
-0.243092
-0.243092
-0.243115
-0.243142
-0.243162
-0.243169
-0.243163
-0.243144
-0.243103
-0.243047
-0.24299
-0.242947
-0.242965
-0.243064
-0.243197
-0.243267
-0.243219
-0.243097
-0.242995
-0.242956
-0.242973
-0.24302
-0.243075
-0.24312
-0.243142
-0.24314
-0.243125
-0.243107
-0.243097
-0.2431
-0.243122
-0.243144
-0.24314
-0.243103
-0.243053
-0.243002
-0.242979
-0.242992
-0.243045
-0.243134
-0.243229
-0.243294
-0.243297
-0.243233
-0.243126
-0.243023
-0.242949
-0.242921
-0.24294
-0.242988
-0.243052
-0.243113
-0.243163
-0.243201
-0.243231
-0.243241
-0.243235
-0.243208
-0.243165
-0.243109
-0.243049
-0.24301
-0.242986
-0.242986
-0.243013
-0.243063
-0.24313
-0.243194
-0.24323
-0.243225
-0.243174
-0.243112
-0.243065
-0.243052
-0.243063
-0.24308
-0.24308
-0.243059
-0.243026
-0.243002
-0.243013
-0.243055
-0.243106
-0.243139
-0.243137
-0.243097
-0.243046
-0.243002
-0.242979
-0.242967
-0.242959
-0.24295
-0.242933
-0.242913
-0.242912
-0.242944
-0.243021
-0.243131
-0.243247
-0.243348
-0.243403
-0.243415
-0.243386
-0.243328
-0.243242
-0.243144
-0.243046
-0.242965
-0.242917
-0.242912
-0.242943
-0.242995
-0.243058
-0.243115
-0.243167
-0.243193
-0.243201
-0.243193
-0.243169
-0.243138
-0.243112
-0.243104
-0.243112
-0.243129
-0.243142
-0.243153
-0.243156
-0.243151
-0.243148
-0.243153
-0.243166
-0.243181
-0.243189
-0.243191
-0.243186
-0.243178
-0.24317
-0.243157
-0.243139
-0.243117
-0.243087
-0.243059
-0.243052
-0.24306
-0.243094
-0.243147
-0.243208
-0.243255
-0.243274
-0.243264
-0.24324
-0.243217
-0.243197
-0.243181
-0.243162
-0.243132
-0.243102
-0.243074
-0.243055
-0.243044
-0.243047
-0.243059
-0.243086
-0.243116
-0.243143
-0.243164
-0.243171
-0.243154
-0.243122
-0.243076
-0.243031
-0.242995
-0.242978
-0.242979
-0.242994
-0.243021
-0.243049
-0.243073
-0.243092
-0.243101
-0.2431
-0.243087
-0.243067
-0.243057
-0.243069
-0.243086
-0.243099
-0.243069
-0.243003
-0.242926
-0.242871
-0.242866
-0.242913
-0.243001
-0.243123
-0.24324
-0.243325
-0.243355
-0.243326
-0.24325
-0.243163
-0.243077
-0.243015
-0.242981
-0.242967
-0.242967
-0.24297
-0.242965
-0.242962
-0.242981
-0.243032
-0.243114
-0.243178
-0.243194
-0.243158
-0.243103
-0.243069
-0.243073
-0.243111
-0.243164
-0.243222
-0.243264
-0.243278
-0.243259
-0.243217
-0.243153
-0.243093
-0.243042
-0.243015
-0.243014
-0.243028
-0.243039
-0.24304
-0.243039
-0.243046
-0.243087
-0.243175
-0.243279
-0.24336
-0.243362
-0.243282
-0.243165
-0.243052
-0.242979
-0.242954
-0.242977
-0.243036
-0.243106
-0.243156
-0.243165
-0.243123
-0.24305
-0.242976
-0.242915
-0.242896
-0.24291
-0.242969
-0.243079
-0.243211
-0.243324
-0.243373
-0.243336
-0.243246
-0.243147
-0.243075
-0.243028
-0.243014
-0.24301
-0.243008
-0.242998
-0.242982
-0.242963
-0.242953
-0.242959
-0.24299
-0.243028
-0.243052
-0.243048
-0.243032
-0.243032
-0.243052
-0.243087
-0.243106
-0.243097
-0.243068
-0.243044
-0.243034
-0.243051
-0.243079
-0.243095
-0.243088
-0.24306
-0.243024
-0.243004
-0.243008
-0.243045
-0.243098
-0.243157
-0.243209
-0.243241
-0.243245
-0.243233
-0.2432
-0.243157
-0.243107
-0.243059
-0.243015
-0.242982
-0.242962
-0.242946
-0.242939
-0.242941
-0.242968
-0.243011
-0.243071
-0.243142
-0.24321
-0.243257
-0.243265
-0.243225
-0.243145
-0.243048
-0.242958
-0.242899
-0.242879
-0.2429
-0.242948
-0.243012
-0.24307
-0.24312
-0.243151
-0.243161
-0.243147
-0.243117
-0.243079
-0.243049
-0.243039
-0.243054
-0.243085
-0.243114
-0.243124
-0.243117
-0.243099
-0.243074
-0.243051
-0.243035
-0.243032
-0.243044
-0.243063
-0.243072
-0.243063
-0.243027
-0.242982
-0.242961
-0.242983
-0.243049
-0.243117
-0.243145
-0.243104
-0.243021
-0.24295
-0.242923
-0.24295
-0.243009
-0.24308
-0.243137
-0.243168
-0.243176
-0.243165
-0.243142
-0.243122
-0.243109
-0.243101
-0.243092
-0.243084
-0.243079
-0.243084
-0.243108
-0.243154
-0.243208
-0.243252
-0.243267
-0.243259
-0.24323
-0.243191
-0.243167
-0.243158
-0.243165
-0.243172
-0.243148
-0.243078
-0.242981
-0.242911
-0.242888
-0.242921
-0.242975
-0.243022
-0.243057
-0.243091
-0.243129
-0.243172
-0.243204
-0.243201
-0.243154
-0.243087
-0.243044
-0.243049
-0.243115
-0.243199
-0.243246
-0.243207
-0.243109
-0.243004
-0.242942
-0.242945
-0.243
-0.243081
-0.243159
-0.243211
-0.243237
-0.243238
-0.243224
-0.243198
-0.243159
-0.243109
-0.243046
-0.242988
-0.242935
-0.242894
-0.242875
-0.242872
-0.242892
-0.242934
-0.242994
-0.243063
-0.24312
-0.243151
-0.243142
-0.243116
-0.243081
-0.24305
-0.243033
-0.243023
-0.243012
-0.243007
-0.242999
-0.242989
-0.242991
-0.243012
-0.243061
-0.243127
-0.243196
-0.243248
-0.243268
-0.243252
-0.243204
-0.243137
-0.243061
-0.242991
-0.242931
-0.242894
-0.24289
-0.24292
-0.242986
-0.243085
-0.243201
-0.243299
-0.243345
-0.243319
-0.243241
-0.243143
-0.243044
-0.24295
-0.242875
-0.242825
-0.242805
-0.242825
-0.242889
-0.242981
-0.243079
-0.24316
-0.243208
-0.243215
-0.243207
-0.243203
-0.243207
-0.243219
-0.243219
-0.243199
-0.243163
-0.243122
-0.24308
-0.243058
-0.243058
-0.243079
-0.243119
-0.243153
-0.243176
-0.243176
-0.243152
-0.243106
-0.243055
-0.24302
-0.243013
-0.243036
-0.243086
-0.243133
-0.24316
-0.24316
-0.243137
-0.243107
-0.243094
-0.243111
-0.243152
-0.243204
-0.243254
-0.243295
-0.243326
-0.243328
-0.243291
-0.24322
-0.243125
-0.243032
-0.242963
-0.242917
-0.242896
-0.2429
-0.242921
-0.242968
-0.243031
-0.243108
-0.24317
-0.24321
-0.24321
-0.243179
-0.243129
-0.243066
-0.243001
-0.24294
-0.242893
-0.242874
-0.242879
-0.242914
-0.242984
-0.243081
-0.243193
-0.243297
-0.243357
-0.243356
-0.243305
-0.243221
-0.243125
-0.243047
-0.242993
-0.242968
-0.242958
-0.242961
-0.242957
-0.242951
-0.242943
-0.242933
-0.242936
-0.242943
-0.242952
-0.242962
-0.242973
-0.243001
-0.243053
-0.243128
-0.243198
-0.243226
-0.243202
-0.243152
-0.243098
-0.243049
-0.243004
-0.242962
-0.242932
-0.242926
-0.242952
-0.243008
-0.243076
-0.243151
-0.243218
-0.243252
-0.243253
-0.243222
-0.243158
-0.243083
-0.243013
-0.242957
-0.242929
-0.242931
-0.242965
-0.243014
-0.243071
-0.243136
-0.243202
-0.243268
-0.243336
-0.243374
-0.243358
-0.243286
-0.243189
-0.243091
-0.243002
-0.242927
-0.242865
-0.242838
-0.242858
-0.242923
-0.243007
-0.243055
-0.243032
-0.242976
-0.242937
-0.242944
-0.24299
-0.24306
-0.243135
-0.243201
-0.243253
-0.243284
-0.24329
-0.243286
-0.243267
-0.243242
-0.243205
-0.243167
-0.243127
-0.24309
-0.24306
-0.243032
-0.243015
-0.243
-0.242996
-0.242991
-0.242982
-0.24298
-0.242991
-0.243026
-0.24308
-0.243156
-0.243234
-0.243288
-0.243293
-0.243262
-0.243201
-0.24313
-0.243055
-0.24298
-0.24291
-0.242849
-0.242819
-0.242822
-0.242862
-0.242938
-0.243032
-0.243123
-0.243185
-0.243207
-0.243189
-0.24316
-0.243146
-0.243157
-0.24319
-0.243236
-0.243278
-0.243301
-0.243297
-0.243265
-0.243211
-0.243148
-0.243083
-0.243022
-0.242964
-0.242905
-0.242852
-0.242814
-0.242803
-0.242839
-0.242922
-0.24303
-0.243137
-0.243216
-0.243249
-0.243239
-0.24319
-0.243124
-0.243072
-0.243042
-0.243046
-0.243065
-0.24309
-0.243107
-0.243113
-0.243107
-0.243095
-0.24308
-0.24307
-0.243064
-0.243058
-0.24305
-0.243039
-0.243022
-0.243009
-0.243001
-0.243001
-0.243008
-0.243026
-0.243046
-0.243077
-0.243106
-0.243135
-0.243153
-0.243168
-0.243169
-0.243166
-0.243162
-0.243158
-0.243141
-0.243106
-0.243053
-0.243
-0.242966
-0.242963
-0.242992
-0.243042
-0.243108
-0.243174
-0.243228
-0.243262
-0.243263
-0.243238
-0.2432
-0.243157
-0.243111
-0.243072
-0.243042
-0.243012
-0.242998
-0.242997
-0.243003
-0.243021
-0.243056
-0.243105
-0.243164
-0.243211
-0.243224
-0.243197
-0.24314
-0.24307
-0.243017
-0.242981
-0.242962
-0.242948
-0.242938
-0.242929
-0.242922
-0.242942
-0.242992
-0.243083
-0.243207
-0.243323
-0.243391
-0.243387
-0.243313
-0.243198
-0.243083
-0.242982
-0.242913
-0.242875
-0.242874
-0.242911
-0.242979
-0.243066
-0.243127
-0.243152
-0.243136
-0.243088
-0.243028
-0.24297
-0.242937
-0.242938
-0.242979
-0.243046
-0.243115
-0.243161
-0.243174
-0.243158
-0.243129
-0.243104
-0.243097
-0.243107
-0.243129
-0.243151
-0.243165
-0.243167
-0.243161
-0.243154
-0.243152
-0.243154
-0.243156
-0.243163
-0.243157
-0.243146
-0.243127
-0.243112
-0.243088
-0.243065
-0.243045
-0.243033
-0.243033
-0.243048
-0.243081
-0.243119
-0.243157
-0.243169
-0.243152
-0.243098
-0.243029
-0.242952
-0.2429
-0.242888
-0.242913
-0.242982
-0.243081
-0.24321
-0.243348
-0.243452
-0.243465
-0.243374
-0.243209
-0.243032
-0.242879
-0.242774
-0.242713
-0.242702
-0.242729
-0.242791
-0.242878
-0.242969
-0.243036
-0.243057
-0.243038
-0.24301
-0.243005
-0.243037
-0.243083
-0.243103
-0.243074
-0.243024
-0.242998
-0.243027
-0.243114
-0.243213
-0.243259
-0.243223
-0.243129
-0.243017
-0.242919
-0.242848
-0.242815
-0.242818
-0.242842
-0.242881
-0.242925
-0.24297
-0.243005
-0.243021
-0.243011
-0.242978
-0.242934
-0.242914
-0.242944
-0.243037
-0.243179
-0.243333
-0.24344
-0.243451
-0.243369
-0.243222
-0.243056
-0.242906
-0.242789
-0.242717
-0.242684
-0.242692
-0.242728
-0.242784
-0.242848
-0.242911
-0.242964
-0.242997
-0.24301
-0.243019
-0.243024
-0.243036
-0.243043
-0.243053
-0.243058
-0.24307
-0.243088
-0.243111
-0.243126
-0.24312
-0.243077
-0.243012
-0.242943
-0.242897
-0.242899
-0.242943
-0.24302
-0.243087
-0.243112
-0.243099
-0.243061
-0.243031
-0.243022
-0.243035
-0.243055
-0.243063
-0.24306
-0.243045
-0.243025
-0.243015
-0.243018
-0.24304
-0.24307
-0.243105
-0.243135
-0.243154
-0.243162
-0.243165
-0.243156
-0.243134
-0.243094
-0.243036
-0.242974
-0.242924
-0.242911
-0.242936
-0.242991
-0.243054
-0.243096
-0.243112
-0.243116
-0.243119
-0.243122
-0.243139
-0.24315
-0.243165
-0.243174
-0.243168
-0.243142
-0.2431
-0.243049
-0.242997
-0.242953
-0.242912
-0.242886
-0.242874
-0.242882
-0.24292
-0.242987
-0.243076
-0.243162
-0.243229
-0.243257
-0.243249
-0.243222
-0.243184
-0.243134
-0.243086
-0.24304
-0.243003
-0.242971
-0.242931
-0.242886
-0.242845
-0.242834
-0.242871
-0.242956
-0.243063
-0.243167
-0.243219
-0.24321
-0.243158
-0.243097
-0.243038
-0.24299
-0.242961
-0.242946
-0.242935
-0.242922
-0.242906
-0.242889
-0.242874
-0.242865
-0.242865
-0.242874
-0.242892
-0.242932
-0.242989
-0.243067
-0.243138
-0.243189
-0.243199
-0.243177
-0.243137
-0.243103
-0.24309
-0.243109
-0.243141
-0.24316
-0.243144
-0.243094
-0.243024
-0.24296
-0.242909
-0.242872
-0.242837
-0.242807
-0.242786
-0.242779
-0.242801
-0.242851
-0.242933
-0.243021
-0.243102
-0.243167
-0.243215
-0.24324
-0.243249
-0.243228
-0.243171
-0.243086
-0.243015
-0.242975
-0.242982
-0.243014
-0.243032
-0.243025
-0.243009
-0.243017
-0.24305
-0.243106
-0.243159
-0.243188
-0.243178
-0.243138
-0.243072
-0.243003
-0.242962
-0.24296
-0.243008
-0.243096
-0.243202
-0.24329
-0.243346
-0.243352
-0.243319
-0.243269
-0.243212
-0.243154
-0.243097
-0.243028
-0.242962
-0.242899
-0.242854
-0.242835
-0.242864
-0.242951
-0.243063
-0.243147
-0.243165
-0.243131
-0.243083
-0.243056
-0.243053
-0.243057
-0.243064
-0.243061
-0.243054
-0.24305
-0.243056
-0.243083
-0.243127
-0.243167
-0.24318
-0.243151
-0.243078
-0.243
-0.24295
-0.24295
-0.242984
-0.242998
-0.242969
-0.242917
-0.242875
-0.242873
-0.242899
-0.242949
-0.24302
-0.243094
-0.243136
-0.24313
-0.243091
-0.243052
-0.243053
-0.243102
-0.243181
-0.24326
-0.243306
-0.243307
-0.243265
-0.243194
-0.243113
-0.243036
-0.242976
-0.242933
-0.242909
-0.242903
-0.242912
-0.242929
-0.242945
-0.242956
-0.242953
-0.242942
-0.24293
-0.242938
-0.242964
-0.243023
-0.2431
-0.243179
-0.243228
-0.243248
-0.243239
-0.243214
-0.243193
-0.243167
-0.243135
-0.243094
-0.243056
-0.24304
-0.243041
-0.243052
-0.243052
-0.243029
-0.242987
-0.242927
-0.242876
-0.242847
-0.242848
-0.242872
-0.242909
-0.242948
-0.242981
-0.243009
-0.243031
-0.243057
-0.243093
-0.243136
-0.243183
-0.243219
-0.243226
-0.243187
-0.243109
-0.243019
-0.242932
-0.242863
-0.242818
-0.242797
-0.242811
-0.242854
-0.242937
-0.24305
-0.243151
-0.243195
-0.243174
-0.243105
-0.243036
-0.242997
-0.242993
-0.243016
-0.243056
-0.243115
-0.243173
-0.243206
-0.243209
-0.243175
-0.243113
-0.243045
-0.242991
-0.242958
-0.242952
-0.242961
-0.242972
-0.242956
-0.242922
-0.242888
-0.242889
-0.242938
-0.243033
-0.243158
-0.243281
-0.24336
-0.243371
-0.243317
-0.24321
-0.243077
-0.242951
-0.242851
-0.242794
-0.242776
-0.242794
-0.242833
-0.242887
-0.242947
-0.243003
-0.243046
-0.243081
-0.243094
-0.243108
-0.243127
-0.243158
-0.243191
-0.243225
-0.243238
-0.243221
-0.24319
-0.243158
-0.243144
-0.24314
-0.243146
-0.243155
-0.243169
-0.243178
-0.243165
-0.243126
-0.243063
-0.24299
-0.242928
-0.24289
-0.24288
-0.242901
-0.242941
-0.242992
-0.243052
-0.243113
-0.24316
-0.243196
-0.243212
-0.24319
-0.24314
-0.243071
-0.243006
-0.242958
-0.242942
-0.242953
-0.242983
-0.243034
-0.243093
-0.243141
-0.243168
-0.243164
-0.243126
-0.243066
-0.243007
-0.242973
-0.24297
-0.242988
-0.243024
-0.243054
-0.243072
-0.243078
-0.243075
-0.243082
-0.243093
-0.243102
-0.243103
-0.243083
-0.243047
-0.243008
-0.242977
-0.242983
-0.243032
-0.243119
-0.243212
-0.24327
-0.243269
-0.243209
-0.243116
-0.243025
-0.242947
-0.2429
-0.242882
-0.24289
-0.242917
-0.242956
-0.242993
-0.243018
-0.243036
-0.243047
-0.243058
-0.24308
-0.243105
-0.24314
-0.243178
-0.243214
-0.243242
-0.24326
-0.243261
-0.243245
-0.243212
-0.243168
-0.243109
-0.243049
-0.242992
-0.242952
-0.242946
-0.242974
-0.243032
-0.243109
-0.243178
-0.243201
-0.24316
-0.243063
-0.242937
-0.24282
-0.242744
-0.242737
-0.242805
-0.242934
-0.243081
-0.2432
-0.24325
-0.243246
-0.243199
-0.243138
-0.243065
-0.242999
-0.242951
-0.242931
-0.242921
-0.242914
-0.242904
-0.242907
-0.242945
-0.243018
-0.243097
-0.243154
-0.243181
-0.243196
-0.243205
-0.243199
-0.243156
-0.243088
-0.24301
-0.242948
-0.242913
-0.242909
-0.242929
-0.24296
-0.243001
-0.243037
-0.24308
-0.243133
-0.243186
-0.243232
-0.243251
-0.243234
-0.24318
-0.243097
-0.243021
-0.24297
-0.242952
-0.242964
-0.242986
-0.242998
-0.243011
-0.24304
-0.243096
-0.243167
-0.243219
-0.243215
-0.24315
-0.243074
-0.243024
-0.243007
-0.243004
-0.243001
-0.243
-0.242992
-0.242982
-0.242983
-0.243006
-0.243051
-0.243127
-0.243207
-0.243262
-0.243258
-0.243212
-0.243156
-0.243126
-0.243131
-0.243138
-0.243116
-0.243048
-0.242962
-0.24289
-0.242867
-0.242895
-0.242942
-0.243007
-0.243061
-0.243093
-0.243106
-0.243103
-0.243099
-0.243088
-0.243075
-0.243064
-0.243062
-0.243075
-0.243106
-0.243144
-0.243178
-0.243191
-0.243178
-0.24314
-0.243101
-0.243065
-0.243036
-0.243015
-0.242992
-0.24297
-0.242955
-0.242953
-0.242972
-0.243016
-0.243076
-0.243127
-0.243138
-0.243113
-0.243077
-0.243052
-0.243062
-0.24309
-0.243126
-0.243144
-0.243152
-0.24315
-0.243145
-0.243131
-0.243095
-0.243028
-0.242951
-0.242899
-0.242893
-0.242931
-0.243005
-0.243084
-0.243157
-0.243209
-0.243238
-0.243243
-0.243233
-0.243211
-0.243173
-0.24312
-0.243062
-0.242992
-0.242931
-0.242888
-0.24288
-0.242915
-0.242997
-0.243107
-0.243208
-0.243283
-0.243312
-0.243284
-0.243212
-0.243115
-0.243023
-0.242949
-0.242906
-0.242889
-0.242893
-0.242914
-0.242961
-0.243037
-0.243127
-0.243221
-0.243302
-0.24334
-0.24333
-0.24328
-0.243207
-0.243142
-0.243103
-0.243082
-0.243074
-0.243055
-0.243029
-0.242984
-0.242937
-0.242905
-0.242888
-0.242904
-0.242945
-0.243007
-0.243082
-0.243142
-0.243173
-0.243164
-0.243116
-0.243052
-0.242993
-0.242964
-0.242965
-0.242988
-0.243012
-0.243033
-0.243043
-0.243051
-0.243056
-0.243076
-0.243107
-0.243144
-0.243181
-0.243206
-0.243214
-0.243203
-0.243176
-0.243141
-0.243106
-0.24308
-0.243066
-0.243071
-0.243087
-0.243116
-0.243142
-0.243164
-0.24318
-0.243179
-0.243158
-0.243113
-0.243036
-0.242946
-0.242861
-0.242809
-0.242781
-0.242778
-0.242798
-0.24285
-0.242924
-0.242994
-0.243033
-0.24305
-0.243054
-0.243052
-0.243045
-0.243031
-0.243007
-0.242984
-0.24297
-0.242973
-0.242997
-0.243032
-0.243082
-0.243142
-0.243198
-0.243233
-0.243244
-0.243217
-0.243156
-0.243068
-0.242975
-0.242891
-0.242836
-0.242807
-0.242814
-0.242856
-0.242927
-0.243024
-0.243124
-0.243201
-0.243244
-0.243238
-0.24319
-0.243119
-0.243035
-0.242945
-0.242856
-0.242782
-0.242739
-0.242738
-0.242776
-0.24284
-0.242902
-0.242943
-0.24297
-0.242988
-0.243017
-0.243057
-0.243105
-0.243162
-0.24322
-0.243269
-0.243297
-0.243275
-0.243195
-0.243069
-0.242937
-0.242833
-0.242785
-0.242792
-0.242842
-0.242905
-0.242959
-0.242983
-0.242988
-0.242983
-0.242993
-0.243034
-0.243103
-0.243189
-0.24327
-0.243325
-0.243335
-0.243289
-0.243188
-0.243055
-0.242923
-0.242818
-0.242765
-0.242772
-0.242834
-0.242917
-0.242973
-0.242979
-0.242946
-0.242905
-0.242889
-0.242907
-0.242946
-0.242997
-0.243044
-0.243074
-0.24308
-0.243062
-0.243032
-0.242999
-0.24297
-0.242963
-0.242989
-0.243043
-0.243116
-0.243177
-0.243193
-0.243151
-0.243064
-0.242958
-0.242859
-0.242794
-0.242761
-0.242759
-0.242779
-0.242816
-0.242869
-0.242928
-0.242983
-0.243031
-0.243056
-0.243054
-0.243031
-0.243008
-0.243002
-0.243025
-0.243067
-0.243115
-0.243149
-0.24314
-0.243082
-0.242997
-0.242917
-0.242862
-0.242845
-0.242854
-0.242875
-0.242907
-0.242932
-0.242955
-0.242967
-0.242959
-0.242937
-0.242903
-0.242878
-0.242876
-0.24289
-0.242915
-0.242947
-0.242984
-0.24303
-0.243079
-0.243119
-0.243115
-0.243066
-0.242983
-0.242883
-0.242797
-0.24275
-0.242746
-0.242785
-0.242834
-0.24287
-0.242862
-0.242825
-0.242778
-0.242756
-0.242775
-0.242824
-0.242899
-0.242979
-0.243055
-0.243109
-0.243127
-0.243111
-0.243077
-0.243036
-0.242997
-0.242959
-0.242929
-0.242914
-0.242926
-0.242958
-0.242994
-0.243022
-0.243036
-0.24303
-0.243018
-0.243007
-0.243004
-0.243011
-0.243021
-0.243015
-0.242997
-0.242961
-0.242921
-0.242879
-0.242858
-0.242868
-0.242923
-0.243015
-0.243118
-0.243187
-0.243185
-0.243124
-0.243033
-0.24295
-0.242901
-0.242892
-0.242925
-0.242993
-0.24308
-0.243164
-0.243213
-0.243216
-0.243185
-0.243137
-0.243099
-0.243077
-0.243065
-0.243053
-0.243034
-0.243021
-0.243014
-0.243026
-0.243053
-0.243102
-0.24315
-0.243174
-0.243154
-0.243107
-0.243046
-0.243003
-0.242994
-0.243015
-0.243038
-0.24304
-0.243014
-0.242957
-0.242894
-0.242845
-0.242827
-0.242858
-0.242919
-0.243002
-0.243088
-0.243156
-0.243193
-0.243198
-0.243166
-0.243121
-0.24308
-0.243057
-0.243058
-0.243071
-0.243077
-0.243076
-0.243058
-0.243039
-0.243023
-0.243011
-0.242998
-0.242985
-0.242972
-0.242964
-0.242972
-0.243005
-0.243058
-0.243104
-0.243123
-0.243105
-0.243047
-0.242965
-0.242883
-0.242821
-0.242795
-0.242817
-0.24288
-0.24296
-0.243038
-0.243082
-0.243082
-0.243052
-0.243014
-0.242984
-0.242966
-0.242973
-0.242997
-0.243033
-0.243073
-0.243114
-0.243155
-0.243173
-0.243165
-0.243111
-0.24302
-0.24292
-0.242837
-0.242794
-0.242808
-0.242862
-0.242941
-0.243015
-0.243059
-0.243062
-0.24305
-0.243043
-0.243064
-0.243123
-0.243208
-0.24329
-0.243345
-0.243348
-0.243294
-0.243202
-0.243101
-0.243011
-0.242946
-0.242902
-0.242887
-0.242905
-0.242952
-0.243024
-0.243093
-0.243125
-0.243121
-0.243085
-0.243048
-0.243025
-0.243024
-0.243034
-0.243046
-0.243036
-0.243011
-0.24298
-0.242965
-0.242972
-0.243005
-0.243054
-0.243101
-0.243123
-0.24312
-0.243092
-0.243052
-0.243018
-0.24299
-0.242971
-0.242949
-0.242925
-0.242912
-0.242928
-0.242988
-0.243084
-0.243205
-0.243314
-0.243367
-0.243334
-0.243208
-0.243025
-0.242844
-0.24272
-0.242666
-0.242662
-0.242684
-0.242715
-0.242736
-0.242767
-0.242812
-0.242883
-0.242971
-0.243058
-0.243118
-0.243133
-0.243102
-0.243034
-0.242938
-0.242848
-0.242788
-0.242777
-0.242818
-0.242907
-0.243021
-0.243131
-0.243201
-0.243205
-0.243133
-0.243013
-0.242892
-0.242816
-0.242796
-0.242815
-0.242858
-0.242909
-0.242952
-0.242971
-0.242964
-0.242939
-0.24291
-0.242889
-0.24289
-0.242919
-0.242969
-0.243025
-0.243063
-0.243073
-0.243054
-0.243007
-0.242945
-0.242877
-0.242819
-0.242776
-0.242753
-0.242746
-0.242766
-0.242818
-0.242905
-0.24302
-0.24312
-0.243184
-0.243197
-0.243169
-0.243121
-0.243072
-0.243037
-0.243019
-0.24301
-0.242993
-0.242962
-0.242916
-0.24286
-0.242796
-0.242733
-0.242679
-0.242649
-0.242655
-0.242698
-0.242771
-0.24286
-0.242948
-0.243037
-0.243106
-0.24315
-0.243149
-0.243115
-0.243078
-0.243057
-0.243046
-0.243039
-0.243033
-0.243027
-0.243028
-0.24304
-0.243055
-0.243069
-0.243069
-0.243046
-0.243011
-0.242975
-0.242948
-0.242922
-0.242885
-0.242833
-0.242777
-0.242724
-0.242691
-0.242698
-0.242739
-0.242816
-0.242917
-0.243031
-0.243151
-0.243244
-0.243291
-0.243295
-0.243273
-0.243231
-0.243185
-0.243139
-0.243079
-0.243021
-0.242975
-0.242946
-0.242933
-0.242924
-0.242915
-0.24291
-0.242905
-0.242902
-0.242902
-0.242905
-0.242905
-0.242893
-0.242872
-0.242849
-0.242877
-0.243022
-0.243313
-0.243612
-0.243668
-0.243385
-0.242981
-0.2427
-0.242618
-0.242659
-0.242743
-0.242789
-0.242778
-0.242718
-0.24266
-0.242638
-0.242694
-0.242833
-0.243006
-0.243141
-0.243204
-0.243215
-0.243209
-0.243174
-0.243074
-0.242909
-0.242741
-0.242625
-0.242592
-0.242633
-0.242727
-0.24284
-0.242936
-0.242997
-0.243019
-0.243038
-0.243076
-0.243131
-0.243184
-0.243209
-0.243202
-0.243177
-0.243149
-0.24313
-0.243116
-0.243087
-0.243047
-0.242988
-0.242907
-0.242818
-0.242745
-0.242712
-0.242728
-0.242801
-0.242914
-0.243044
-0.243163
-0.243249
-0.243276
-0.243244
-0.243164
-0.243068
-0.242977
-0.242902
-0.242861
-0.24286
-0.242909
-0.243001
-0.243124
-0.243236
-0.243298
-0.243302
-0.243262
-0.243193
-0.243124
-0.243055
-0.242991
-0.242944
-0.242913
-0.242909
-0.242937
-0.242997
-0.243081
-0.243174
-0.243247
-0.243285
-0.243281
-0.243239
-0.243176
-0.243107
-0.243047
-0.243005
-0.242991
-0.243011
-0.243062
-0.243125
-0.243174
-0.243185
-0.243147
-0.243062
-0.242953
-0.242848
-0.242779
-0.242776
-0.242832
-0.242942
-0.24307
-0.243168
-0.243212
-0.243189
-0.243112
-0.243012
-0.242942
-0.242936
-0.242992
-0.24307
-0.243118
-0.243116
-0.24307
-0.243015
-0.242971
-0.242954
-0.242954
-0.242958
-0.242955
-0.242945
-0.242934
-0.242927
-0.242933
-0.242959
-0.242999
-0.243041
-0.243072
-0.24309
-0.243089
-0.243087
-0.243072
-0.243055
-0.243033
-0.243012
-0.242987
-0.242961
-0.24294
-0.242944
-0.242979
-0.243045
-0.243106
-0.243122
-0.243074
-0.242992
-0.242928
-0.242902
-0.242915
-0.242945
-0.242965
-0.242965
-0.242956
-0.242952
-0.24297
-0.242999
-0.243036
-0.243062
-0.243082
-0.243087
-0.243077
-0.243051
-0.242997
-0.24294
-0.242885
-0.24286
-0.242868
-0.242903
-0.242963
-0.243031
-0.24307
-0.243065
-0.243029
-0.242995
-0.242993
-0.243018
-0.243061
-0.243092
-0.2431
-0.243082
-0.243031
-0.242978
-0.24293
-0.242899
-0.242891
-0.242899
-0.242917
-0.242931
-0.242947
-0.242957
-0.242988
-0.243043
-0.243115
-0.243178
-0.243204
-0.243179
-0.243114
-0.243034
-0.242954
-0.242888
-0.242838
-0.242816
-0.24283
-0.242881
-0.242955
-0.243029
-0.243067
-0.243061
-0.243009
-0.242939
-0.242889
-0.242884
-0.242916
-0.242983
-0.243064
-0.243148
-0.243222
-0.243271
-0.243284
-0.243255
-0.243195
-0.243116
-0.243037
-0.242982
-0.242944
-0.242926
-0.242926
-0.242939
-0.242969
-0.243012
-0.243076
-0.243146
-0.243205
-0.243249
-0.243247
-0.243193
-0.243087
-0.24297
-0.242885
-0.242855
-0.242879
-0.242925
-0.242966
-0.242982
-0.242978
-0.242969
-0.242977
-0.243007
-0.243047
-0.243091
-0.243111
-0.243104
-0.24307
-0.243024
-0.242993
-0.242988
-0.243004
-0.243038
-0.243073
-0.243104
-0.243124
-0.243127
-0.243121
-0.24311
-0.243106
-0.243117
-0.243139
-0.243158
-0.243153
-0.243118
-0.243079
-0.24304
-0.243
-0.242954
-0.24289
-0.242808
-0.242726
-0.242675
-0.242696
-0.242841
-0.24309
-0.243301
-0.243305
-0.243118
-0.2429
-0.242769
-0.242735
-0.242752
-0.242796
-0.24286
-0.242935
-0.243011
-0.243079
-0.243122
-0.243147
-0.243159
-0.243158
-0.243148
-0.243118
-0.243065
-0.24301
-0.242964
-0.242943
-0.242944
-0.242965
-0.242984
-0.242992
-0.242976
-0.242936
-0.242893
-0.242861
-0.242869
-0.242923
-0.242996
-0.243066
-0.243091
-0.243057
-0.242961
-0.242838
-0.242746
-0.242742
-0.242877
-0.243098
-0.243272
-0.24328
-0.243153
-0.243009
-0.242924
-0.242904
-0.242941
-0.24299
-0.243031
-0.243046
-0.243038
-0.243015
-0.242994
-0.24298
-0.242984
-0.243
-0.243018
-0.243039
-0.243048
-0.24305
-0.243031
-0.242984
-0.242924
-0.242865
-0.242835
-0.242828
-0.242828
-0.242816
-0.242789
-0.242782
-0.24285
-0.242992
-0.243178
-0.24334
-0.243427
-0.243393
-0.243259
-0.243092
-0.242961
-0.242883
-0.242851
-0.242841
-0.242841
-0.242836
-0.242826
-0.242812
-0.242807
-0.242817
-0.242847
-0.242884
-0.24292
-0.242936
-0.242931
-0.242911
-0.242905
-0.242934
-0.243004
-0.243103
-0.243201
-0.243262
-0.243261
-0.243189
-0.243075
-0.242964
-0.242898
-0.242901
-0.242957
-0.243036
-0.243096
-0.243107
-0.24307
-0.243
-0.242929
-0.242866
-0.242825
-0.242806
-0.242812
-0.242845
-0.242905
-0.24299
-0.243084
-0.243167
-0.243207
-0.243184
-0.243109
-0.243006
-0.242906
-0.242832
-0.242808
-0.242829
-0.242888
-0.242956
-0.243023
-0.243083
-0.243133
-0.243167
-0.243166
-0.243119
-0.243024
-0.242896
-0.242758
-0.242641
-0.242575
-0.242569
-0.242617
-0.242712
-0.242826
-0.242956
-0.243083
-0.243186
-0.243257
-0.243271
-0.243229
-0.243152
-0.243066
-0.242999
-0.242975
-0.24298
-0.243001
-0.243032
-0.243051
-0.243056
-0.243045
-0.243022
-0.242993
-0.242951
-0.242889
-0.242803
-0.2427
-0.242596
-0.24253
-0.242555
-0.24274
-0.243108
-0.243537
-0.24376
-0.243624
-0.243276
-0.242972
-0.2428
-0.24274
-0.242735
-0.242751
-0.242764
-0.242781
-0.242811
-0.242871
-0.242953
-0.243032
-0.243084
-0.243082
-0.243041
-0.242999
-0.242987
-0.243011
-0.243073
-0.243164
-0.243262
-0.243343
-0.243369
-0.243327
-0.243221
-0.243085
-0.242962
-0.242872
-0.24282
-0.242807
-0.242822
-0.242851
-0.242882
-0.242898
-0.242894
-0.242893
-0.242907
-0.242939
-0.242979
-0.243023
-0.243072
-0.243128
-0.243186
-0.243222
-0.243204
-0.243134
-0.243039
-0.242952
-0.24288
-0.242839
-0.242824
-0.242836
-0.242867
-0.242903
-0.242924
-0.242922
-0.242889
-0.242835
-0.242776
-0.242736
-0.242737
-0.24278
-0.242861
-0.242965
-0.243073
-0.243155
-0.243201
-0.243202
-0.24316
-0.2431
-0.243049
-0.243027
-0.243042
-0.243087
-0.243144
-0.243183
-0.243178
-0.243132
-0.243053
-0.24296
-0.24286
-0.242782
-0.242727
-0.242708
-0.24273
-0.242776
-0.242846
-0.242923
-0.243004
-0.243069
-0.243125
-0.243165
-0.243199
-0.243209
-0.243193
-0.243147
-0.24309
-0.243033
-0.242996
-0.242975
-0.242964
-0.24295
-0.242934
-0.242926
-0.242936
-0.242966
-0.243018
-0.243081
-0.24315
-0.243207
-0.243225
-0.243192
-0.243116
-0.243028
-0.242952
-0.242903
-0.242868
-0.242839
-0.242813
-0.2428
-0.242807
-0.24284
-0.242897
-0.24296
-0.243021
-0.243062
-0.243056
-0.242989
-0.24288
-0.242782
-0.242749
-0.242804
-0.242926
-0.243074
-0.243197
-0.243261
-0.243258
-0.243207
-0.243131
-0.243058
-0.243015
-0.242993
-0.24298
-0.24297
-0.242948
-0.242928
-0.242913
-0.24291
-0.242931
-0.242967
-0.243018
-0.243061
-0.243091
-0.243104
-0.243104
-0.243097
-0.243096
-0.243105
-0.243127
-0.243146
-0.243155
-0.243144
-0.243104
-0.243042
-0.24297
-0.242921
-0.242907
-0.242934
-0.242993
-0.243057
-0.243099
-0.243108
-0.243089
-0.243043
-0.242991
-0.242958
-0.24295
-0.242966
-0.242987
-0.243
-0.242997
-0.242981
-0.24297
-0.24297
-0.242981
-0.243015
-0.243053
-0.243099
-0.243138
-0.243162
-0.243169
-0.243163
-0.243154
-0.243143
-0.243144
-0.243147
-0.243145
-0.243122
-0.24307
-0.242996
-0.242915
-0.242844
-0.242798
-0.24279
-0.242814
-0.242867
-0.242942
-0.243022
-0.243092
-0.243134
-0.243145
-0.243114
-0.243064
-0.243006
-0.242965
-0.242941
-0.242932
-0.242943
-0.242967
-0.242995
-0.243024
-0.243043
-0.243055
-0.243058
-0.24306
-0.243061
-0.24306
-0.243059
-0.24306
-0.243056
-0.243062
-0.243071
-0.243074
-0.243062
-0.243027
-0.242972
-0.24291
-0.242852
-0.242805
-0.242775
-0.242771
-0.242792
-0.242846
-0.242925
-0.243009
-0.24309
-0.243153
-0.243178
-0.243162
-0.243118
-0.243068
-0.243017
-0.242983
-0.242964
-0.24295
-0.242922
-0.242872
-0.242808
-0.242747
-0.242717
-0.242744
-0.242817
-0.242937
-0.243068
-0.243184
-0.243251
-0.243249
-0.243194
-0.243111
-0.243029
-0.242956
-0.242888
-0.242834
-0.242801
-0.242791
-0.24281
-0.242855
-0.242917
-0.242973
-0.243036
-0.243085
-0.243119
-0.243125
-0.243099
-0.243066
-0.243052
-0.243063
-0.243083
-0.24308
-0.243027
-0.24293
-0.24284
-0.242807
-0.242851
-0.242949
-0.243019
-0.243
-0.242907
-0.242803
-0.242738
-0.242731
-0.242772
-0.242845
-0.242938
-0.243047
-0.243148
-0.243232
-0.243282
-0.24329
-0.243258
-0.243203
-0.24313
-0.24305
-0.242973
-0.242908
-0.242854
-0.242817
-0.242799
-0.242793
-0.242797
-0.242827
-0.242894
-0.243006
-0.243149
-0.243283
-0.243354
-0.243335
-0.243242
-0.243107
-0.242968
-0.242847
-0.242771
-0.242743
-0.242773
-0.242857
-0.242965
-0.243069
-0.243138
-0.243183
-0.243216
-0.243241
-0.243252
-0.243231
-0.243168
-0.243069
-0.242959
-0.242861
-0.242796
-0.24277
-0.242787
-0.242842
-0.242927
-0.243015
-0.243086
-0.243128
-0.243147
-0.24315
-0.243141
-0.243106
-0.243046
-0.242959
-0.242871
-0.242817
-0.242831
-0.242913
-0.243004
-0.243014
-0.242918
-0.24279
-0.242724
-0.242743
-0.242826
-0.242915
-0.242968
-0.242974
-0.242961
-0.242958
-0.242971
-0.243004
-0.243024
-0.243013
-0.242969
-0.242905
-0.242835
-0.242773
-0.242723
-0.242698
-0.242701
-0.242738
-0.242811
-0.242912
-0.243032
-0.243145
-0.243222
-0.243235
-0.243175
-0.243048
-0.242902
-0.24277
-0.242675
-0.24264
-0.242657
-0.242717
-0.242803
-0.242891
-0.242955
-0.242973
-0.242961
-0.242942
-0.242946
-0.242982
-0.243043
-0.243104
-0.243136
-0.243135
-0.243095
-0.243036
-0.24297
-0.242914
-0.24288
-0.242865
-0.242866
-0.242891
-0.242926
-0.242967
-0.242998
-0.243007
-0.242991
-0.242972
-0.242972
-0.243015
-0.243091
-0.24316
-0.243173
-0.243107
-0.24299
-0.242881
-0.242823
-0.242828
-0.24287
-0.242923
-0.242966
-0.24299
-0.243008
-0.243029
-0.243046
-0.243056
-0.24305
-0.243027
-0.242991
-0.242957
-0.242929
-0.24291
-0.242898
-0.242895
-0.242905
-0.242925
-0.242947
-0.24297
-0.242996
-0.243031
-0.243075
-0.24312
-0.243164
-0.243201
-0.243222
-0.243225
-0.243212
-0.243168
-0.243108
-0.243037
-0.242964
-0.242906
-0.24287
-0.242849
-0.242844
-0.242848
-0.242869
-0.242911
-0.242976
-0.243057
-0.243137
-0.243185
-0.243184
-0.243151
-0.2431
-0.243044
-0.242985
-0.24292
-0.242857
-0.242804
-0.242785
-0.2428
-0.242839
-0.242893
-0.242953
-0.243019
-0.243093
-0.243183
-0.243256
-0.243266
-0.243197
-0.243066
-0.242921
-0.242802
-0.242737
-0.242732
-0.242771
-0.242812
-0.242796
-0.242727
-0.242685
-0.242764
-0.243001
-0.243288
-0.243397
-0.243215
-0.242859
-0.242541
-0.242366
-0.242337
-0.242419
-0.242578
-0.242775
-0.242977
-0.243136
-0.243231
-0.243264
-0.243248
-0.243202
-0.243132
-0.243042
-0.242948
-0.24288
-0.242851
-0.242871
-0.242925
-0.242974
-0.242994
-0.24297
-0.24292
-0.242857
-0.242809
-0.242779
-0.242769
-0.242764
-0.242775
-0.242792
-0.242811
-0.242821
-0.242825
-0.242841
-0.242911
-0.243046
-0.243161
-0.24314
-0.242983
-0.242808
-0.242716
-0.242724
-0.242801
-0.242912
-0.243004
-0.243043
-0.243007
-0.242923
-0.242826
-0.242766
-0.242753
-0.242787
-0.242857
-0.242942
-0.24302
-0.243073
-0.243105
-0.243118
-0.243115
-0.243108
-0.243099
-0.243089
-0.243061
-0.243014
-0.242948
-0.24288
-0.242815
-0.242783
-0.242785
-0.242822
-0.242885
-0.242948
-0.242996
-0.243015
-0.243014
-0.243006
-0.242992
-0.242974
-0.242948
-0.242912
-0.242869
-0.242826
-0.242794
-0.242777
-0.242789
-0.242828
-0.242895
-0.242968
-0.243023
-0.243048
-0.243059
-0.243065
-0.243075
-0.243081
-0.24308
-0.243054
-0.242995
-0.242901
-0.242798
-0.242712
-0.242663
-0.24265
-0.242669
-0.242727
-0.242811
-0.242911
-0.243002
-0.243067
-0.2431
-0.243105
-0.2431
-0.243086
-0.243061
-0.243029
-0.242986
-0.242938
-0.242898
-0.24288
-0.242892
-0.242934
-0.242984
-0.243018
-0.243016
-0.242988
-0.242942
-0.242895
-0.242853
-0.242827
-0.242822
-0.242844
-0.2429
-0.242983
-0.243062
-0.243113
-0.243134
-0.243132
-0.243114
-0.243091
-0.243055
-0.243011
-0.242958
-0.2429
-0.242849
-0.24282
-0.242804
-0.242802
-0.242801
-0.242812
-0.242827
-0.242854
-0.242891
-0.242935
-0.242979
-0.243021
-0.243052
-0.243064
-0.243046
-0.242996
-0.242946
-0.242899
-0.242879
-0.242876
-0.242893
-0.242921
-0.242956
-0.242991
-0.24302
-0.243025
-0.24301
-0.242978
-0.242948
-0.242932
-0.242924
-0.242913
-0.242898
-0.242869
-0.24284
-0.24282
-0.242828
-0.242861
-0.242914
-0.242975
-0.243015
-0.242993
-0.242901
-0.242786
-0.242714
-0.242704
-0.24275
-0.242814
-0.242877
-0.242935
-0.242989
-0.243059
-0.243136
-0.243197
-0.243214
-0.243172
-0.243076
-0.242959
-0.242862
-0.242822
-0.242842
-0.242904
-0.242969
-0.24301
-0.24301
-0.242975
-0.242921
-0.242873
-0.242852
-0.242873
-0.242944
-0.243034
-0.243128
-0.243196
-0.243223
-0.243202
-0.24315
-0.243087
-0.243043
-0.243021
-0.243029
-0.243045
-0.243065
-0.243059
-0.243025
-0.242952
-0.242862
-0.242781
-0.24273
-0.242725
-0.24277
-0.242854
-0.242971
-0.243102
-0.24322
-0.243293
-0.24332
-0.243294
-0.243236
-0.243159
-0.243079
-0.24301
-0.242947
-0.242898
-0.242859
-0.242838
-0.242841
-0.242874
-0.242949
-0.243042
-0.243138
-0.243194
-0.2432
-0.243171
-0.243134
-0.243101
-0.243067
-0.243032
-0.242982
-0.242911
-0.242833
-0.24276
-0.242704
-0.242672
-0.242665
-0.242707
-0.242811
-0.243006
-0.243272
-0.243506
-0.243558
-0.243365
-0.243042
-0.242767
-0.24264
-0.242655
-0.242748
-0.242873
-0.242977
-0.243034
-0.243035
-0.242997
-0.24294
-0.242894
-0.242867
-0.242857
-0.242874
-0.242904
-0.242947
-0.242996
-0.243048
-0.243105
-0.243157
-0.243182
-0.243171
-0.243121
-0.243032
-0.242929
-0.24283
-0.242749
-0.242703
-0.242708
-0.242773
-0.242898
-0.243065
-0.24323
-0.243358
-0.243416
-0.243377
-0.243248
-0.243056
-0.242854
-0.242706
-0.242645
-0.242671
-0.242748
-0.242825
-0.242878
-0.242889
-0.24286
-0.242813
-0.242773
-0.24276
-0.24277
-0.242794
-0.242811
-0.242817
-0.242823
-0.242835
-0.24287
-0.242925
-0.242996
-0.243065
-0.243118
-0.24314
-0.243134
-0.243103
-0.243043
-0.242958
-0.242852
-0.242745
-0.242655
-0.242594
-0.242578
-0.242602
-0.242655
-0.242727
-0.24281
-0.242899
-0.242993
-0.24308
-0.243146
-0.243178
-0.243165
-0.243111
-0.243038
-0.242959
-0.242893
-0.242843
-0.242815
-0.242817
-0.242845
-0.242886
-0.242926
-0.242955
-0.242982
-0.243002
-0.243025
-0.243037
-0.243015
-0.242959
-0.24289
-0.242826
-0.242785
-0.242763
-0.242767
-0.242793
-0.242838
-0.242905
-0.242981
-0.243051
-0.243092
-0.2431
-0.24307
-0.243015
-0.242946
-0.242873
-0.242816
-0.242794
-0.242808
-0.242857
-0.242926
-0.242999
-0.243056
-0.243094
-0.243103
-0.243088
-0.243056
-0.243012
-0.242961
-0.242922
-0.242898
-0.242898
-0.242913
-0.242935
-0.24296
-0.242968
-0.242969
-0.242964
-0.242966
-0.242976
-0.242984
-0.242986
-0.242983
-0.242973
-0.24297
-0.242977
-0.24299
-0.243007
-0.24302
-0.243021
-0.243011
-0.242996
-0.242978
-0.242961
-0.242968
-0.242997
-0.243049
-0.243105
-0.243137
-0.243132
-0.243085
-0.243011
-0.242932
-0.242863
-0.24282
-0.24281
-0.242825
-0.24287
-0.242929
-0.242996
-0.243064
-0.243117
-0.243146
-0.243151
-0.243135
-0.243099
-0.243052
-0.242985
-0.242908
-0.242832
-0.242775
-0.242757
-0.242796
-0.242873
-0.242958
-0.243043
-0.243114
-0.243161
-0.24316
-0.243091
-0.242976
-0.242848
-0.242758
-0.242712
-0.242717
-0.242765
-0.242835
-0.242918
-0.242992
-0.243041
-0.243055
-0.243037
-0.242999
-0.242956
-0.242928
-0.242924
-0.24295
-0.243005
-0.243075
-0.243142
-0.243178
-0.243176
-0.243136
-0.243082
-0.243032
-0.242999
-0.242985
-0.242985
-0.242993
-0.242995
-0.242981
-0.242954
-0.242916
-0.242899
-0.242915
-0.24296
-0.243021
-0.243073
-0.243101
-0.243103
-0.243088
-0.243069
-0.243042
-0.243019
-0.242987
-0.242955
-0.242925
-0.242908
-0.242908
-0.242942
-0.243004
-0.243079
-0.24317
-0.243258
-0.243284
-0.243178
-0.24296
-0.242751
-0.242635
-0.242635
-0.242709
-0.242815
-0.242922
-0.243018
-0.24309
-0.243129
-0.243136
-0.243114
-0.243075
-0.243031
-0.242993
-0.242974
-0.242977
-0.242999
-0.243026
-0.243034
-0.243041
-0.243054
-0.243088
-0.243137
-0.243184
-0.243197
-0.243168
-0.243119
-0.243072
-0.243042
-0.243035
-0.243037
-0.243049
-0.243064
-0.243077
-0.243085
-0.2431
-0.243111
-0.243118
-0.243123
-0.243124
-0.243116
-0.243106
-0.243093
-0.243084
-0.243077
-0.243064
-0.243047
-0.243036
-0.243018
-0.243003
-0.242985
-0.242968
-0.242941
-0.242922
-0.242934
-0.243002
-0.24311
-0.243196
-0.243195
-0.243112
-0.243016
-0.242959
-0.242951
-0.242982
-0.243025
-0.243071
-0.243114
-0.243136
-0.243141
-0.243135
-0.243131
-0.243138
-0.243143
-0.243126
-0.243082
-0.243018
-0.242973
-0.242969
-0.242999
-0.243023
-0.243018
-0.242982
-0.242945
-0.24293
-0.242922
-0.242918
-0.242911
-0.242906
-0.242907
-0.242923
-0.242949
-0.242986
-0.243022
-0.243047
-0.24306
-0.243071
-0.243089
-0.243122
-0.243162
-0.243194
-0.243202
-0.243185
-0.243149
-0.243112
-0.243077
-0.243044
-0.243
-0.242958
-0.242915
-0.242879
-0.242863
-0.242869
-0.242895
-0.242942
-0.242989
-0.243027
-0.243043
-0.243036
-0.243015
-0.242997
-0.242975
-0.242952
-0.242921
-0.242901
-0.242905
-0.242938
-0.243001
-0.243078
-0.243141
-0.243167
-0.243144
-0.243091
-0.243025
-0.242964
-0.242911
-0.242862
-0.242815
-0.242781
-0.242771
-0.242813
-0.242911
-0.243042
-0.24315
-0.243176
-0.243101
-0.24298
-0.242872
-0.242809
-0.242799
-0.242826
-0.242876
-0.242935
-0.242993
-0.243046
-0.243095
-0.243143
-0.243176
-0.243167
-0.243102
-0.242982
-0.242839
-0.24271
-0.242614
-0.242559
-0.242559
-0.24264
-0.242824
-0.24309
-0.243334
-0.243438
-0.243378
-0.243235
-0.243091
-0.24299
-0.242928
-0.242896
-0.24289
-0.242898
-0.242905
-0.242906
-0.242898
-0.242892
-0.242895
-0.242922
-0.242979
-0.243064
-0.243155
-0.243225
-0.243244
-0.243196
-0.243089
-0.242959
-0.242841
-0.242766
-0.242755
-0.242802
-0.242885
-0.242983
-0.243058
-0.2431
-0.243094
-0.243056
-0.242995
-0.242924
-0.242869
-0.242839
-0.24283
-0.242825
-0.24282
-0.242818
-0.242848
-0.242907
-0.242989
-0.243063
-0.24311
-0.243119
-0.243098
-0.243056
-0.243009
-0.242971
-0.242949
-0.242955
-0.242979
-0.243026
-0.243088
-0.243157
-0.243216
-0.243246
-0.243243
-0.243207
-0.243146
-0.243072
-0.243001
-0.242937
-0.242876
-0.242811
-0.242756
-0.242716
-0.242699
-0.242705
-0.242737
-0.242781
-0.242823
-0.242856
-0.242901
-0.242969
-0.243052
-0.243133
-0.243186
-0.243184
-0.243122
-0.243026
-0.242934
-0.242885
-0.242882
-0.242903
-0.242915
-0.242906
-0.242878
-0.242845
-0.242827
-0.242837
-0.24287
-0.242905
-0.242917
-0.242909
-0.242901
-0.242904
-0.242915
-0.242936
-0.242956
-0.242973
-0.242988
-0.242996
-0.242994
-0.24299
-0.242986
-0.242991
-0.243011
-0.243045
-0.243082
-0.243101
-0.24307
-0.243003
-0.242908
-0.242826
-0.242783
-0.242787
-0.242828
-0.242886
-0.242943
-0.242999
-0.24306
-0.243125
-0.243183
-0.243201
-0.243181
-0.243112
-0.243008
-0.242885
-0.242759
-0.242639
-0.24254
-0.242479
-0.242481
-0.242545
-0.242666
-0.242817
-0.242955
-0.24306
-0.243116
-0.243121
-0.243078
-0.242998
-0.242894
-0.242783
-0.242691
-0.242654
-0.242698
-0.242828
-0.242997
-0.243135
-0.243174
-0.243105
-0.242968
-0.242825
-0.242728
-0.242692
-0.242717
-0.242777
-0.242863
-0.242957
-0.243045
-0.243121
-0.243188
-0.24323
-0.243248
-0.243236
-0.243195
-0.24314
-0.243079
-0.243023
-0.242978
-0.24294
-0.242914
-0.242905
-0.242911
-0.242926
-0.242947
-0.242958
-0.242949
-0.242928
-0.242894
-0.242868
-0.242868
-0.242884
-0.242926
-0.242985
-0.243043
-0.243094
-0.243128
-0.243149
-0.243161
-0.243165
-0.243155
-0.243138
-0.243109
-0.243076
-0.243033
-0.242983
-0.242928
-0.242871
-0.242822
-0.242787
-0.242788
-0.242819
-0.242882
-0.242967
-0.243045
-0.243091
-0.243083
-0.243033
-0.242962
-0.242901
-0.242874
-0.242885
-0.242927
-0.24299
-0.243056
-0.243116
-0.243147
-0.243142
-0.243095
-0.24302
-0.242943
-0.242868
-0.242807
-0.242768
-0.242745
-0.242742
-0.242771
-0.242827
-0.242895
-0.242973
-0.243051
-0.243123
-0.243176
-0.243215
-0.243236
-0.243223
-0.24317
-0.243087
-0.242987
-0.242888
-0.24279
-0.242712
-0.242673
-0.242695
-0.242786
-0.242945
-0.243125
-0.243241
-0.243249
-0.243165
-0.243049
-0.242965
-0.242929
-0.242939
-0.242971
-0.243004
-0.243029
-0.243038
-0.243026
-0.242991
-0.242939
-0.242891
-0.242852
-0.242823
-0.242823
-0.242837
-0.242865
-0.242905
-0.242957
-0.243
-0.243037
-0.24305
-0.243044
-0.243022
-0.242999
-0.242989
-0.243001
-0.243029
-0.243072
-0.243114
-0.243143
-0.243144
-0.243116
-0.243066
-0.242992
-0.242919
-0.242865
-0.242838
-0.242839
-0.242867
-0.242907
-0.242944
-0.242969
-0.242982
-0.242982
-0.242978
-0.242971
-0.242964
-0.24296
-0.24296
-0.242957
-0.242951
-0.242943
-0.242949
-0.242968
-0.243012
-0.243057
-0.243089
-0.243097
-0.243078
-0.24304
-0.242995
-0.242952
-0.242916
-0.2429
-0.242912
-0.242949
-0.242995
-0.243032
-0.243034
-0.243005
-0.242944
-0.242875
-0.242811
-0.242778
-0.24278
-0.242823
-0.242895
-0.242964
-0.243012
-0.243022
-0.243003
-0.242978
-0.242966
-0.24297
-0.242984
-0.243001
-0.243013
-0.243006
-0.242959
-0.242872
-0.242782
-0.242714
-0.242699
-0.242742
-0.242825
-0.242927
-0.243007
-0.243061
-0.243093
-0.243116
-0.243133
-0.243142
-0.243135
-0.243107
-0.243062
-0.243012
-0.242965
-0.242924
-0.242894
-0.242879
-0.242878
-0.242896
-0.242926
-0.242964
-0.243005
-0.243044
-0.243072
-0.243088
-0.24309
-0.243077
-0.24306
-0.243053
-0.243064
-0.243089
-0.24311
-0.243101
-0.243076
-0.243042
-0.24302
-0.243028
-0.24305
-0.243081
-0.243105
-0.243123
-0.243129
-0.243126
-0.24311
-0.243093
-0.243076
-0.243071
-0.243074
-0.243084
-0.243078
-0.243059
-0.243032
-0.243004
-0.24299
-0.243001
-0.243039
-0.243084
-0.243121
-0.243134
-0.243118
-0.243083
-0.243048
-0.243023
-0.243004
-0.242983
-0.242958
-0.242933
-0.24292
-0.242914
-0.242904
-0.242879
-0.242841
-0.24281
-0.242809
-0.242841
-0.242874
-0.2429
-0.242904
-0.242879
-0.242842
-0.242813
-0.242809
-0.242836
-0.242897
-0.242969
-0.243031
-0.243058
-0.24304
-0.242989
-0.242926
-0.242871
-0.242842
-0.242848
-0.242893
-0.242971
-0.243056
-0.243119
-0.243135
-0.243089
-0.243008
-0.242915
-0.242849
-0.242828
-0.242861
-0.242934
-0.243011
-0.243043
-0.243029
-0.242988
-0.242943
-0.242893
-0.242828
-0.242752
-0.242693
-0.242672
-0.242681
-0.242731
-0.242826
-0.242942
-0.24307
-0.243183
-0.24326
-0.243281
-0.24325
-0.243186
-0.243112
-0.243051
-0.243012
-0.242985
-0.242972
-0.242964
-0.242967
-0.24298
-0.243005
-0.243037
-0.243062
-0.243075
-0.243061
-0.243028
-0.242979
-0.242932
-0.242897
-0.242883
-0.242885
-0.242883
-0.242874
-0.242855
-0.242832
-0.242826
-0.242856
-0.242927
-0.243023
-0.243124
-0.243204
-0.243226
-0.243192
-0.243107
-0.243001
-0.2429
-0.242827
-0.242788
-0.242776
-0.242781
-0.242792
-0.242812
-0.242838
-0.242854
-0.242852
-0.242833
-0.242827
-0.242852
-0.242927
-0.243022
-0.243097
-0.243128
-0.243122
-0.243105
-0.243088
-0.243066
-0.24304
-0.243008
-0.242978
-0.242953
-0.242944
-0.242942
-0.242942
-0.242941
-0.242932
-0.242919
-0.242904
-0.242883
-0.242866
-0.242862
-0.242878
-0.24291
-0.242947
-0.242989
-0.24302
-0.243045
-0.243072
-0.243091
-0.243096
-0.243068
-0.242999
-0.242908
-0.242829
-0.242788
-0.242788
-0.242834
-0.242907
-0.242992
-0.243063
-0.243104
-0.243098
-0.243055
-0.243002
-0.242957
-0.242931
-0.242928
-0.242926
-0.242923
-0.242913
-0.24291
-0.242924
-0.242965
-0.243028
-0.243085
-0.243121
-0.243116
-0.243093
-0.243074
-0.243052
-0.243023
-0.242971
-0.242905
-0.242842
-0.242802
-0.242779
-0.242783
-0.242814
-0.242875
-0.242958
-0.243048
-0.243132
-0.243196
-0.24322
-0.243212
-0.243181
-0.24313
-0.243082
-0.243032
-0.242983
-0.242935
-0.242888
-0.24285
-0.242836
-0.242856
-0.2429
-0.242964
-0.243033
-0.243084
-0.243098
-0.243069
-0.242997
-0.242905
-0.242814
-0.24274
-0.242699
-0.2427
-0.24275
-0.242843
-0.242962
-0.243089
-0.243203
-0.243283
-0.243311
-0.243278
-0.243186
-0.243054
-0.242898
-0.242749
-0.24261
-0.24249
-0.242394
-0.242334
-0.242339
-0.242441
-0.242677
-0.243043
-0.243424
-0.243596
-0.243467
-0.243162
-0.242895
-0.242762
-0.242737
-0.242761
-0.242784
-0.242797
-0.242801
-0.24281
-0.242814
-0.242813
-0.242802
-0.242786
-0.242786
-0.242818
-0.242902
-0.243027
-0.243159
-0.243248
-0.243262
-0.243218
-0.243146
-0.243072
-0.242998
-0.242935
-0.242887
-0.242868
-0.242871
-0.24289
-0.242917
-0.242941
-0.242966
-0.242993
-0.243019
-0.243041
-0.243043
-0.243019
-0.242977
-0.242926
-0.242884
-0.24287
-0.242894
-0.242959
-0.243051
-0.243127
-0.243156
-0.24312
-0.243035
-0.242933
-0.242849
-0.242798
-0.242789
-0.242814
-0.242857
-0.242888
-0.242893
-0.242858
-0.2428
-0.242752
-0.242767
-0.242868
-0.243019
-0.243137
-0.243131
-0.243025
-0.24291
-0.242852
-0.242835
-0.242836
-0.242835
-0.242835
-0.242854
-0.242891
-0.242944
-0.243002
-0.24304
-0.243038
-0.242971
-0.242868
-0.242764
-0.242686
-0.242657
-0.24267
-0.242726
-0.242807
-0.242884
-0.242937
-0.24294
-0.242901
-0.242843
-0.242809
-0.242808
-0.24285
-0.242914
-0.242992
-0.243091
-0.243211
-0.243329
-0.243369
-0.243269
-0.243066
-0.242855
-0.242708
-0.242642
-0.24264
-0.24268
-0.242742
-0.242816
-0.242892
-0.242952
-0.242985
-0.242995
-0.242987
-0.24296
-0.242945
-0.242956
-0.243002
-0.243071
-0.243142
-0.243186
-0.243184
-0.243144
-0.243082
-0.243022
-0.242971
-0.242943
-0.24293
-0.242919
-0.242912
-0.242897
-0.242878
-0.242862
-0.242872
-0.242913
-0.242999
-0.243111
-0.243197
-0.243212
-0.243155
-0.243063
-0.242984
-0.242934
-0.242912
-0.242903
-0.242889
-0.242873
-0.242855
-0.242837
-0.242822
-0.242816
-0.242827
-0.242858
-0.242907
-0.242968
-0.243032
-0.243085
-0.243101
-0.243081
-0.243024
-0.242947
-0.242887
-0.242855
-0.242854
-0.242871
-0.242894
-0.24292
-0.242958
-0.243018
-0.243089
-0.243141
-0.243152
-0.243109
-0.243026
-0.242926
-0.242834
-0.242769
-0.242741
-0.242753
-0.242792
-0.242855
-0.242919
-0.242991
-0.243052
-0.243104
-0.243144
-0.243163
-0.243163
-0.243139
-0.243084
-0.242995
-0.242889
-0.242785
-0.242715
-0.242696
-0.242716
-0.242757
-0.242814
-0.242867
-0.242918
-0.242976
-0.243045
-0.243112
-0.243161
-0.24317
-0.243137
-0.243082
-0.243025
-0.242978
-0.242946
-0.242921
-0.242908
-0.242908
-0.242927
-0.242967
-0.243018
-0.243066
-0.243088
-0.243082
-0.243052
-0.243023
-0.243006
-0.243006
-0.243021
-0.243033
-0.243032
-0.243034
-0.243054
-0.243098
-0.243142
-0.243167
-0.243164
-0.243121
-0.243049
-0.242954
-0.242856
-0.242769
-0.242716
-0.242717
-0.242774
-0.242881
-0.242994
-0.243089
-0.243137
-0.243142
-0.24312
-0.243093
-0.243054
-0.243007
-0.242963
-0.24293
-0.242912
-0.242906
-0.242911
-0.242915
-0.242914
-0.242914
-0.242912
-0.242905
-0.242896
-0.242882
-0.242866
-0.242858
-0.242855
-0.242876
-0.242934
-0.243027
-0.243157
-0.243283
-0.243341
-0.24329
-0.24314
-0.242946
-0.242773
-0.242664
-0.242615
-0.242613
-0.242625
-0.242654
-0.242689
-0.242736
-0.242769
-0.242788
-0.242793
-0.242817
-0.242878
-0.24297
-0.243064
-0.243123
-0.243131
-0.2431
-0.24305
-0.242993
-0.242948
-0.242926
-0.242924
-0.242925
-0.242928
-0.242918
-0.2429
-0.242884
-0.242874
-0.242867
-0.242867
-0.242874
-0.242893
-0.242921
-0.242955
-0.24297
-0.24297
-0.242968
-0.242985
-0.242998
-0.242959
-0.242865
-0.242759
-0.242697
-0.242711
-0.242777
-0.242858
-0.242932
-0.242981
-0.243014
-0.243042
-0.243079
-0.243116
-0.24315
-0.243165
-0.243154
-0.243116
-0.243052
-0.24297
-0.242889
-0.242823
-0.242796
-0.242818
-0.242877
-0.242958
-0.243028
-0.243076
-0.243092
-0.243083
-0.243059
-0.243031
-0.243013
-0.243007
-0.243007
-0.243004
-0.242997
-0.242981
-0.242958
-0.242924
-0.242876
-0.242826
-0.242789
-0.242782
-0.242806
-0.242855
-0.242913
-0.24296
-0.24298
-0.242971
-0.242928
-0.242859
-0.242792
-0.242772
-0.242843
-0.242972
-0.243045
-0.242999
-0.242901
-0.242865
-0.242909
-0.242987
-0.243033
-0.243016
-0.242944
-0.242865
-0.242808
-0.242777
-0.242769
-0.242787
-0.242811
-0.24285
-0.242905
-0.242987
-0.24309
-0.243186
-0.24323
-0.243201
-0.243105
-0.242985
-0.242883
-0.242818
-0.242783
-0.242766
-0.242768
-0.242774
-0.242792
-0.24283
-0.24291
-0.243033
-0.243172
-0.243252
-0.243222
-0.243096
-0.242955
-0.242858
-0.242818
-0.24282
-0.242842
-0.242869
-0.242891
-0.242904
-0.242917
-0.242939
-0.242974
-0.243012
-0.243034
-0.243018
-0.242971
-0.242902
-0.24285
-0.242825
-0.24283
-0.242863
-0.242911
-0.242956
-0.24299
-0.243027
-0.243063
-0.243102
-0.243139
-0.243174
-0.243171
-0.243113
-0.242982
-0.242812
-0.242653
-0.242552
-0.242535
-0.242593
-0.242697
-0.242822
-0.242941
-0.243041
-0.243112
-0.243137
-0.243122
-0.243074
-0.243022
-0.242972
-0.242936
-0.242908
-0.242888
-0.242869
-0.242849
-0.242827
-0.242807
-0.2428
-0.242813
-0.242853
-0.242919
-0.243013
-0.243114
-0.243206
-0.24325
-0.243223
-0.243136
-0.243024
-0.24293
-0.242867
-0.24284
-0.242848
-0.242868
-0.24288
-0.242869
-0.242834
-0.242792
-0.242738
-0.242694
-0.242666
-0.242667
-0.242701
-0.242763
-0.242849
-0.242931
-0.242987
-0.243024
-0.24304
-0.243052
-0.243057
-0.243054
-0.243043
-0.243021
-0.242988
-0.24294
-0.242878
-0.242808
-0.242762
-0.242755
-0.242779
-0.242805
-0.242811
-0.242788
-0.242748
-0.24271
-0.242696
-0.242716
-0.242774
-0.242854
-0.242916
-0.242921
-0.242863
-0.242763
-0.242661
-0.24261
-0.242625
-0.242693
-0.242775
-0.242841
-0.242883
-0.24291
-0.242949
-0.243004
-0.243053
-0.243061
-0.243009
-0.242908
-0.242793
-0.242711
-0.242685
-0.242719
-0.242809
-0.242915
-0.243011
-0.24306
-0.243069
-0.243044
-0.243001
-0.242954
-0.242909
-0.242867
-0.24283
-0.242801
-0.242786
-0.242792
-0.242817
-0.242854
-0.242887
-0.242908
-0.24291
-0.242906
-0.242906
-0.242908
-0.242903
-0.242889
-0.242867
-0.242842
-0.242828
-0.242825
-0.242839
-0.242859
-0.242885
-0.242921
-0.242979
-0.243056
-0.243118
-0.243144
-0.243125
-0.243071
-0.242999
-0.242927
-0.242875
-0.24285
-0.242834
-0.242826
-0.242833
-0.242843
-0.24286
-0.242879
-0.242904
-0.242915
-0.242919
-0.242923
-0.242944
-0.243
-0.243085
-0.243158
-0.243181
-0.243141
-0.243059
-0.242971
-0.242903
-0.242844
-0.242803
-0.24279
-0.242803
-0.242843
-0.242899
-0.242961
-0.243005
-0.243033
-0.243033
-0.243023
-0.243008
-0.242995
-0.243005
-0.243029
-0.243069
-0.243102
-0.243117
-0.243114
-0.243094
-0.24307
-0.24304
-0.243026
-0.24302
-0.243018
-0.243017
-0.243006
-0.242987
-0.242969
-0.242946
-0.242924
-0.242908
-0.2429
-0.242894
-0.242897
-0.242902
-0.242915
-0.24294
-0.242985
-0.243031
-0.243068
-0.243101
-0.243114
-0.243117
-0.243114
-0.243112
-0.2431
-0.243076
-0.243045
-0.243011
-0.242996
-0.242994
-0.242994
-0.242978
-0.242957
-0.242957
-0.242983
-0.243023
-0.243049
-0.243043
-0.243
-0.242951
-0.242922
-0.242915
-0.242935
-0.242957
-0.242956
-0.242935
-0.242909
-0.24291
-0.242936
-0.242984
-0.243036
-0.24307
-0.24308
-0.243077
-0.24306
-0.243041
-0.243024
-0.243003
-0.24298
-0.242942
-0.242897
-0.242853
-0.242809
-0.24278
-0.242775
-0.24279
-0.242843
-0.242918
-0.243008
-0.2431
-0.243145
-0.243129
-0.243047
-0.242925
-0.242812
-0.242739
-0.242723
-0.242752
-0.242801
-0.242853
-0.242883
-0.242891
-0.242881
-0.242864
-0.242848
-0.242845
-0.242867
-0.242917
-0.242989
-0.243055
-0.243074
-0.243037
-0.242965
-0.242881
-0.242809
-0.242756
-0.242722
-0.2427
-0.242684
-0.242679
-0.242696
-0.242746
-0.242832
-0.242941
-0.243058
-0.243162
-0.243225
-0.243232
-0.243176
-0.24308
-0.242962
-0.242856
-0.242768
-0.242712
-0.242697
-0.242733
-0.242809
-0.242913
-0.242992
-0.243002
-0.242936
-0.242835
-0.242736
-0.242681
-0.242688
-0.242746
-0.242836
-0.242938
-0.24303
-0.243088
-0.243106
-0.243079
-0.243029
-0.242961
-0.242895
-0.242848
-0.24283
-0.242847
-0.242876
-0.242899
-0.242896
-0.242882
-0.24288
-0.242901
-0.242934
-0.242976
-0.242999
-0.243004
-0.242996
-0.242973
-0.242948
-0.242938
-0.242946
-0.242968
-0.243007
-0.243055
-0.243102
-0.243132
-0.243131
-0.243098
-0.24304
-0.242979
-0.242918
-0.242878
-0.24286
-0.24287
-0.242899
-0.242936
-0.242977
-0.243012
-0.243038
-0.243055
-0.243063
-0.243073
-0.24308
-0.243076
-0.243052
-0.243009
-0.242951
-0.242893
-0.242848
-0.242831
-0.242857
-0.242913
-0.242995
-0.243091
-0.243179
-0.243249
-0.243284
-0.243275
-0.243227
-0.243142
-0.243042
-0.242944
-0.242878
-0.242859
-0.242876
-0.242917
-0.242946
-0.242951
-0.242924
-0.242882
-0.242843
-0.242834
-0.242867
-0.242942
-0.24302
-0.243058
-0.243026
-0.24294
-0.242859
-0.242817
-0.242837
-0.242911
-0.243013
-0.243095
-0.243125
-0.243096
-0.24303
-0.242954
-0.242888
-0.24284
-0.242819
-0.242834
-0.242889
-0.242972
-0.24306
-0.243133
-0.243171
-0.243155
-0.243098
-0.243004
-0.242895
-0.242794
-0.242723
-0.242701
-0.242734
-0.242803
-0.242883
-0.242958
-0.243015
-0.243048
-0.243052
-0.24303
-0.242989
-0.242952
-0.242932
-0.242938
-0.242962
-0.242994
-0.243001
-0.242972
-0.242918
-0.242859
-0.242827
-0.242833
-0.242873
-0.242932
-0.242998
-0.243058
-0.243103
-0.243111
-0.243079
-0.243026
-0.242968
-0.242933
-0.242937
-0.242981
-0.24305
-0.243124
-0.243189
-0.243216
-0.2432
-0.24313
-0.243022
-0.2429
-0.242794
-0.242719
-0.242689
-0.242712
-0.242776
-0.242874
-0.242981
-0.243055
-0.243071
-0.243035
-0.242975
-0.242923
-0.242906
-0.242936
-0.243002
-0.243088
-0.24317
-0.243208
-0.243185
-0.243096
-0.242971
-0.242858
-0.242804
-0.242831
-0.242921
-0.243013
-0.243041
-0.243003
-0.242942
-0.242904
-0.242896
-0.242905
-0.242898
-0.242867
-0.242826
-0.242789
-0.242769
-0.242775
-0.242799
-0.242836
-0.242884
-0.242935
-0.242989
-0.243028
-0.24304
-0.243027
-0.242992
-0.242962
-0.24293
-0.242906
-0.242891
-0.242879
-0.242878
-0.242877
-0.242882
-0.242898
-0.242924
-0.24297
-0.243023
-0.243069
-0.24309
-0.243076
-0.243019
-0.24294
-0.242855
-0.242793
-0.242768
-0.24278
-0.242821
-0.242866
-0.242907
-0.242941
-0.242958
-0.242954
-0.242926
-0.242871
-0.242814
-0.242778
-0.242771
-0.242792
-0.242821
-0.242831
-0.24282
-0.242818
-0.242869
-0.242971
-0.243016
-0.242928
-0.242786
-0.242703
-0.242707
-0.24278
-0.242866
-0.242946
-0.243007
-0.243041
-0.243043
-0.243023
-0.242989
-0.242962
-0.242942
-0.242936
-0.242933
-0.242927
-0.242927
-0.24293
-0.242927
-0.242927
-0.242929
-0.242945
-0.242977
-0.243023
-0.243078
-0.24313
-0.243171
-0.243193
-0.24319
-0.243164
-0.243131
-0.243098
-0.243064
-0.243028
-0.242983
-0.242939
-0.242906
-0.242895
-0.242904
-0.242923
-0.242952
-0.242983
-0.243004
-0.243025
-0.24304
-0.24305
-0.24305
-0.243041
-0.243019
-0.242991
-0.242955
-0.242907
-0.242867
-0.242835
-0.242828
-0.242846
-0.242886
-0.242939
-0.242983
-0.243006
-0.243035
-0.243085
-0.243166
-0.243248
-0.24329
-0.243264
-0.243181
-0.24306
-0.242929
-0.242805
-0.242695
-0.242604
-0.242542
-0.242515
-0.242537
-0.242603
-0.242718
-0.242878
-0.243051
-0.243191
-0.243258
-0.243242
-0.243166
-0.243063
-0.242965
-0.242888
-0.242835
-0.242809
-0.242799
-0.242789
-0.24277
-0.242743
-0.242727
-0.242729
-0.242765
-0.242829
-0.242896
-0.242944
-0.242965
-0.242959
-0.242933
-0.242912
-0.242899
-0.242908
-0.242938
-0.242982
-0.243028
-0.243048
-0.243036
-0.242976
-0.242873
-0.242753
-0.242656
-0.242614
-0.242651
-0.242764
-0.242911
-0.243048
-0.243119
-0.243086
-0.242959
-0.242783
-0.242609
-0.242489
-0.242443
-0.242476
-0.242592
-0.242775
-0.243003
-0.243217
-0.243341
-0.243325
-0.243198
-0.243024
-0.242882
-0.242797
-0.242777
-0.242801
-0.242839
-0.242879
-0.242909
-0.242926
-0.242927
-0.242916
-0.2429
-0.242884
-0.24288
-0.242893
-0.24292
-0.242954
-0.242984
-0.242989
-0.242969
-0.242927
-0.242909
-0.242945
-0.243042
-0.243158
-0.243225
-0.24321
-0.24313
-0.243019
-0.242902
-0.242785
-0.242675
-0.24258
-0.24252
-0.242519
-0.242597
-0.242747
-0.242922
-0.243042
-0.243062
-0.243021
-0.242992
-0.243022
-0.243092
-0.243127
-0.24309
-0.242982
-0.242851
-0.242745
-0.242682
-0.242671
-0.242703
-0.24277
-0.242859
-0.24295
-0.243013
-0.243036
-0.243019
-0.242976
-0.242927
-0.242882
-0.24284
-0.242822
-0.242832
-0.242875
-0.24294
-0.242998
-0.243029
-0.243021
-0.242996
-0.242967
-0.242959
-0.242982
-0.24303
-0.243086
-0.243128
-0.243136
-0.243101
-0.243044
-0.242983
-0.242932
-0.242906
-0.242905
-0.242914
-0.242929
-0.242943
-0.242938
-0.242911
-0.242868
-0.24283
-0.24282
-0.242864
-0.242955
-0.243053
-0.243101
-0.243084
-0.243018
-0.242951
-0.242894
-0.242861
-0.242848
-0.242849
-0.242857
-0.24285
-0.242831
-0.242797
-0.24276
-0.242734
-0.242749
-0.242811
-0.242911
-0.243027
-0.243146
-0.243229
-0.243264
-0.243244
-0.24318
-0.243094
-0.242996
-0.242901
-0.242817
-0.242756
-0.24272
-0.242719
-0.242743
-0.242801
-0.242881
-0.242975
-0.243075
-0.243157
-0.243168
-0.243093
-0.242946
-0.242798
-0.242687
-0.242622
-0.242616
-0.242653
-0.242721
-0.242803
-0.242892
-0.242971
-0.243033
-0.243081
-0.243116
-0.243131
-0.243121
-0.243087
-0.243041
-0.243003
-0.242991
-0.243022
-0.243086
-0.243155
-0.243203
-0.243208
-0.243169
-0.24309
-0.242997
-0.242918
-0.24287
-0.242861
-0.242875
-0.242895
-0.242912
-0.242916
-0.242911
-0.242902
-0.242904
-0.242923
-0.24295
-0.242975
-0.242992
-0.242997
-0.243007
-0.243031
-0.243061
-0.24308
-0.243071
-0.243029
-0.242974
-0.242925
-0.242895
-0.242878
-0.242869
-0.242861
-0.24286
-0.242866
-0.242888
-0.242926
-0.24299
-0.243071
-0.243164
-0.243247
-0.243293
-0.243286
-0.24323
-0.243137
-0.243031
-0.242944
-0.242883
-0.242853
-0.242855
-0.242879
-0.24293
-0.242993
-0.243062
-0.243121
-0.243151
-0.243142
-0.243098
-0.243031
-0.242961
-0.242909
-0.24289
-0.2429
-0.242938
-0.242996
-0.24306
-0.243109
-0.243135
-0.243127
-0.243092
-0.243049
-0.243018
-0.243005
-0.243008
-0.243016
-0.243005
-0.242982
-0.242949
-0.242916
-0.242892
-0.242879
-0.242896
-0.24294
-0.243003
-0.243064
-0.243101
-0.243096
-0.243065
-0.243034
-0.243023
-0.243038
-0.24306
-0.243063
-0.243038
-0.242989
-0.242944
-0.242915
-0.242915
-0.242936
-0.242966
-0.242996
-0.243012
-0.243014
-0.243009
-0.242998
-0.242989
-0.243
-0.24303
-0.243074
-0.243123
-0.243165
-0.243189
-0.243194
-0.243184
-0.243148
-0.243097
-0.243032
-0.242965
-0.242912
-0.242868
-0.242829
-0.242801
-0.242797
-0.242837
-0.242933
-0.243064
-0.243178
-0.243234
-0.243217
-0.243157
-0.24309
-0.243023
-0.24295
-0.242869
-0.242789
-0.242733
-0.242709
-0.242725
-0.24278
-0.242857
-0.242951
-0.24305
-0.243148
-0.243233
-0.243286
-0.243298
-0.243267
-0.243206
-0.243125
-0.243029
-0.242935
-0.242858
-0.24281
-0.242785
-0.242774
-0.242764
-0.242757
-0.242755
-0.242775
-0.242824
-0.242907
-0.243016
-0.243134
-0.243243
-0.243327
-0.243372
-0.243367
-0.243306
-0.243208
-0.243088
-0.242971
-0.242876
-0.242812
-0.242779
-0.242775
-0.242794
-0.24283
-0.242894
-0.242979
-0.243072
-0.243144
-0.243176
-0.243157
-0.243102
-0.243019
-0.24293
-0.242844
-0.242773
-0.242729
-0.242718
-0.242756
-0.242836
-0.242956
-0.243108
-0.243247
-0.243343
-0.243355
-0.243297
-0.243208
-0.243127
-0.243076
-0.243046
-0.243026
-0.243014
-0.242999
-0.242978
-0.242958
-0.242931
-0.242905
-0.242883
-0.242875
-0.24287
-0.242881
-0.242901
-0.242938
-0.242987
-0.243032
-0.243071
-0.243099
-0.243113
-0.243117
-0.243111
-0.243087
-0.243054
-0.243009
-0.242968
-0.242947
-0.242948
-0.242975
-0.243019
-0.243062
-0.243099
-0.243109
-0.243094
-0.243055
-0.243002
-0.24294
-0.242881
-0.242836
-0.242816
-0.242817
-0.242848
-0.242902
-0.242966
-0.243023
-0.243068
-0.243076
-0.24306
-0.243021
-0.242983
-0.242959
-0.242957
-0.242974
-0.243006
-0.243044
-0.243079
-0.243098
-0.243113
-0.243121
-0.243132
-0.243141
-0.243141
-0.24312
-0.24309
-0.243055
-0.243026
-0.243015
-0.243009
-0.242999
-0.242966
-0.242913
-0.242851
-0.242812
-0.242792
-0.242795
-0.24281
-0.242839
-0.242885
-0.242959
-0.243053
-0.243152
-0.243211
-0.243191
-0.243109
-0.243009
-0.242939
-0.242915
-0.242928
-0.242962
-0.243004
-0.243051
-0.243098
-0.243126
-0.243138
-0.243134
-0.243103
-0.243065
-0.243028
-0.242996
-0.242969
-0.242935
-0.24289
-0.242839
-0.242788
-0.242746
-0.242737
-0.242772
-0.242868
-0.243014
-0.243173
-0.243299
-0.243343
-0.243292
-0.243184
-0.243073
-0.242995
-0.242967
-0.242978
-0.24301
-0.243041
-0.243054
-0.243042
-0.243005
-0.242956
-0.242899
-0.242854
-0.242822
-0.242815
-0.242823
-0.242862
-0.242922
-0.243004
-0.243093
-0.243182
-0.243269
-0.243332
-0.24336
-0.243342
-0.24328
-0.243186
-0.243083
-0.242994
-0.242936
-0.242913
-0.242916
-0.24294
-0.242968
-0.242983
-0.242992
-0.242996
-0.242999
-0.243009
-0.243031
-0.243072
-0.243119
-0.24316
-0.243177
-0.243156
-0.243104
-0.243044
-0.242999
-0.242987
-0.243004
-0.243042
-0.243079
-0.243118
-0.243136
-0.243132
-0.243099
-0.243053
-0.243013
-0.242987
-0.242987
-0.243009
-0.243045
-0.243082
-0.243101
-0.243094
-0.243069
-0.243033
-0.243005
-0.242992
-0.242993
-0.243011
-0.243033
-0.243044
-0.243046
-0.243037
-0.243033
-0.243032
-0.243055
-0.243082
-0.243113
-0.243141
-0.24315
-0.243146
-0.243128
-0.243097
-0.243058
-0.243014
-0.242969
-0.242943
-0.242948
-0.242982
-0.243038
-0.243085
-0.243102
-0.243085
-0.243052
-0.243027
-0.243011
-0.242991
-0.242957
-0.242907
-0.242851
-0.242814
-0.242827
-0.242913
-0.243051
-0.243167
-0.243163
-0.243058
-0.242933
-0.242852
-0.242837
-0.242852
-0.24288
-0.242901
-0.242926
-0.242944
-0.242963
-0.242989
-0.243025
-0.243068
-0.243122
-0.243171
-0.243213
-0.243228
-0.243215
-0.243173
-0.243114
-0.243056
-0.243005
-0.242979
-0.242978
-0.243004
-0.243051
-0.243097
-0.243131
-0.243132
-0.2431
-0.243051
-0.243004
-0.242967
-0.242949
-0.242958
-0.242977
-0.242992
-0.242987
-0.242965
-0.242944
-0.24293
-0.242929
-0.242948
-0.242971
-0.242997
-0.24302
-0.24304
-0.24306
-0.243084
-0.243103
-0.243108
-0.243083
-0.24305
-0.243015
-0.242974
-0.242943
-0.24292
-0.24291
-0.242914
-0.242925
-0.242933
-0.242931
-0.242925
-0.242927
-0.242942
-0.242971
-0.243012
-0.243067
-0.243116
-0.243153
-0.243159
-0.243132
-0.243093
-0.243062
-0.243055
-0.243071
-0.243098
-0.243119
-0.24312
-0.243094
-0.243041
-0.242966
-0.242889
-0.242822
-0.242778
-0.242752
-0.242742
-0.242744
-0.242755
-0.242779
-0.242821
-0.242886
-0.242976
-0.24309
-0.243216
-0.243329
-0.243397
-0.243388
-0.2433
-0.243167
-0.243025
-0.242908
-0.242826
-0.242766
-0.242726
-0.242707
-0.242714
-0.242739
-0.242787
-0.242844
-0.242911
-0.242987
-0.243073
-0.243155
-0.243217
-0.243251
-0.243248
-0.243209
-0.243152
-0.243084
-0.243011
-0.24294
-0.242891
-0.242878
-0.242901
-0.242953
-0.243016
-0.243058
-0.243061
-0.243021
-0.24297
-0.24292
-0.242882
-0.242862
-0.242856
-0.242869
-0.242901
-0.242943
-0.242998
-0.243039
-0.24305
-0.243033
-0.243006
-0.242973
-0.242956
-0.242951
-0.24295
-0.242947
-0.242949
-0.242961
-0.242991
-0.243022
-0.24302
-0.242973
-0.242895
-0.242816
-0.242766
-0.242752
-0.242756
-0.242779
-0.242816
-0.242873
-0.242948
-0.243049
-0.243162
-0.243256
-0.243276
-0.243196
-0.243046
-0.242901
-0.242813
-0.24279
-0.24281
-0.242839
-0.242857
-0.242865
-0.242871
-0.242888
-0.242934
-0.242997
-0.243069
-0.243135
-0.243178
-0.243188
-0.243167
-0.243135
-0.243099
-0.24306
-0.243021
-0.242976
-0.242921
-0.242876
-0.242864
-0.242904
-0.242983
-0.243073
-0.243138
-0.243163
-0.243153
-0.243117
-0.243079
-0.243049
-0.243027
-0.243008
-0.242987
-0.242963
-0.24294
-0.242915
-0.242889
-0.24286
-0.24283
-0.242796
-0.242788
-0.242835
-0.242985
-0.243218
-0.243447
-0.243542
-0.243459
-0.243265
-0.243064
-0.242909
-0.242803
-0.242748
-0.242753
-0.242821
-0.242944
-0.2431
-0.243246
-0.24335
-0.243381
-0.243325
-0.243199
-0.243037
-0.242888
-0.242788
-0.242742
-0.242747
-0.242773
-0.242812
-0.242851
-0.242891
-0.242918
-0.24296
-0.243028
-0.24311
-0.243184
-0.243211
-0.243191
-0.243164
-0.243169
-0.243202
-0.243224
-0.243187
-0.243086
-0.242946
-0.242816
-0.242729
-0.242703
-0.242753
-0.242866
-0.24301
-0.243151
-0.243242
-0.243273
-0.243239
-0.243163
-0.243061
-0.242964
-0.242894
-0.242874
-0.242937
-0.243073
-0.24323
-0.24333
-0.243307
-0.243196
-0.243069
-0.242984
-0.242941
-0.242915
-0.242894
-0.242876
-0.24288
-0.242929
-0.243037
-0.243169
-0.243256
-0.243258
-0.243182
-0.243079
-0.242997
-0.242956
-0.242943
-0.242948
-0.242952
-0.242957
-0.242965
-0.242979
-0.242997
-0.243015
-0.243016
-0.242994
-0.242959
-0.242929
-0.242926
-0.242962
-0.243024
-0.243077
-0.243105
-0.243108
-0.243116
-0.243144
-0.243178
-0.243193
-0.243168
-0.243086
-0.242963
-0.242828
-0.242708
-0.242646
-0.242648
-0.242713
-0.242821
-0.242953
-0.243085
-0.243196
-0.243254
-0.243239
-0.243156
-0.243046
-0.242944
-0.242872
-0.242847
-0.242873
-0.242925
-0.242979
-0.243015
-0.243037
-0.243049
-0.243053
-0.243026
-0.242961
-0.242883
-0.242823
-0.242811
-0.242842
-0.242903
-0.242973
-0.243033
-0.243084
-0.243123
-0.243143
-0.243143
-0.243118
-0.24308
-0.243042
-0.242989
-0.242945
-0.242914
-0.242895
-0.242883
-0.242878
-0.242877
-0.242881
-0.242896
-0.242944
-0.24303
-0.243149
-0.243268
-0.243348
-0.243355
-0.243291
-0.243185
-0.243069
-0.242967
-0.242897
-0.242851
-0.242834
-0.242842
-0.24287
-0.242908
-0.242948
-0.242988
-0.243019
-0.243034
-0.243039
-0.24303
-0.243011
-0.242997
-0.242992
-0.242997
-0.243018
-0.243048
-0.243079
-0.243114
-0.243141
-0.243144
-0.243116
-0.243053
-0.242961
-0.242874
-0.24282
-0.242816
-0.242873
-0.242981
-0.2431
-0.243194
-0.243237
-0.243225
-0.243174
-0.243114
-0.243077
-0.24306
-0.243061
-0.243065
-0.243067
-0.243056
-0.243043
-0.243014
-0.242973
-0.242913
-0.242856
-0.242813
-0.24281
-0.242859
-0.242939
-0.243009
-0.243038
-0.243034
-0.243027
-0.243044
-0.24309
-0.24314
-0.243169
-0.243153
-0.243096
-0.24301
-0.242931
-0.242884
-0.242879
-0.242903
-0.24294
-0.242983
-0.243012
-0.243007
-0.242961
-0.2429
-0.242843
-0.242816
-0.24283
-0.242884
-0.242973
-0.243076
-0.243181
-0.243258
-0.243297
-0.243287
-0.243228
-0.24313
-0.243023
-0.242928
-0.242861
-0.242836
-0.242849
-0.242895
-0.242959
-0.24302
-0.243064
-0.243089
-0.243109
-0.243123
-0.243135
-0.243137
-0.243121
-0.243086
-0.243038
-0.242974
-0.242911
-0.24285
-0.242809
-0.2428
-0.242831
-0.242896
-0.242978
-0.243067
-0.243145
-0.243202
-0.243231
-0.243223
-0.243177
-0.243102
-0.243016
-0.242941
-0.242896
-0.242888
-0.242914
-0.242967
-0.243024
-0.243064
-0.243078
-0.24306
-0.243023
-0.242975
-0.242939
-0.242927
-0.242935
-0.242963
-0.242998
-0.243028
-0.243045
-0.243047
-0.243032
-0.243014
-0.242993
-0.242978
-0.242955
-0.242929
-0.242903
-0.242883
-0.242884
-0.24291
-0.242963
-0.243037
-0.243117
-0.243187
-0.24323
-0.243242
-0.24322
-0.243162
-0.243082
-0.242988
-0.242893
-0.242807
-0.242733
-0.242698
-0.242716
-0.242817
-0.243005
-0.243231
-0.243379
-0.243367
-0.243233
-0.243082
-0.242977
-0.24292
-0.242899
-0.242894
-0.24289
-0.242887
-0.242881
-0.24288
-0.242896
-0.242934
-0.242989
-0.243054
-0.243109
-0.243141
-0.243151
-0.243145
-0.243131
-0.243122
-0.243125
-0.243134
-0.243139
-0.243136
-0.243132
-0.243125
-0.243134
-0.243164
-0.243201
-0.243225
-0.243225
-0.243192
-0.243139
-0.24309
-0.243056
-0.243022
-0.242976
-0.242905
-0.242814
-0.24272
-0.242659
-0.242681
-0.242849
-0.243162
-0.243494
-0.243612
-0.243453
-0.243201
-0.243022
-0.24294
-0.242921
-0.242927
-0.242944
-0.242961
-0.242971
-0.242959
-0.242934
-0.242907
-0.24289
-0.242887
-0.2429
-0.242931
-0.242964
-0.242995
-0.243026
-0.243064
-0.243116
-0.243181
-0.243248
-0.243298
-0.243299
-0.243256
-0.24318
-0.243088
-0.243003
